cog.000001	2.9493e+00	843	2486.2599
cog.000002	1.4160e+00	798	1129.968
cog.000003	2.2292e+00	1683	3751.7436
cog.000004	4.3376e+00	3405	14769.528
cog.000005	5.9811e+00	1020	6100.722
cog.000006	3.4374e+00	2250	7734.15
cog.000007	1.6460e+00	1314	2162.844
cog.000008	2.7673e+00	405	1120.7565
cog.000009	3.2719e+00	975	3190.1025
cog.000010	4.5897e+00	990	4543.803
cog.000011	1.1990e-02	786	9.42414
cog.000012	2.7497e+00	774	2128.2678
cog.000013	1.2865e+00	1095	1408.7175
cog.000014	4.3524e+00	1086	4726.7064
cog.000015	3.2766e+00	1026	3361.7916
cog.000016	2.6657e+00	789	2103.2373
cog.000017	1.2500e+00	2061	2576.25
cog.000018	6.3388e-01	324	205.37712
cog.000019	1.3744e+00	1179	1620.4176
cog.000020	1.8528e+00	1773	3285.0144
cog.000021	7.3958e-01	1689	1249.15062
cog.000022	1.1041e+00	1065	1175.8665
cog.000023	9.8780e-02	249	24.59622
cog.000024	1.4800e+00	1110	1642.8
cog.000025	1.4830e+00	1092	1619.436
cog.000026	3.1810e-02	927	29.48787
cog.000027	2.2653e+00	717	1624.2201
cog.000028	4.9598e-01	999	495.48402
cog.000029	4.9911e-01	2661	1328.13171
cog.000030	9.7806e-01	1599	1563.91794
cog.000031	6.4960e-01	765	496.944
cog.000032	4.8053e-01	1356	651.59868
cog.000033	1.2049e+00	1182	1424.1918
cog.000034	1.8612e+00	1557	2897.8884
cog.000035	1.8039e+00	1173	2115.9747
cog.000036	9.4368e-01	2271	2143.09728
cog.000037	4.3530e-01	702	305.5806
cog.000038	6.1753e-01	876	540.95628
cog.000039	6.5879e-01	852	561.28908
cog.000040	1.2206e+00	315	384.489
cog.000041	7.3170e-01	681	498.2877
cog.000042	7.1665e-01	804	576.1866
cog.000043	1.1080e+00	447	495.276
cog.000044	9.9353e-01	711	706.39983
cog.000045	8.1338e-01	435	353.8203
cog.000046	1.6764e+00	1671	2801.2644
cog.000047	7.0557e-01	624	440.27568
cog.000048	8.2616e-01	372	307.33152
cog.000049	5.3713e-01	2166	1163.42358
cog.000050	8.9035e-01	861	766.59135
cog.000051	6.0284e-01	1344	810.21696
cog.000052	2.3220e+00	999	2319.678
cog.000053	8.5586e-01	801	685.54386
cog.000054	6.1510e-01	465	286.0215
cog.000055	5.4958e-01	387	212.68746
cog.000056	5.1369e-01	429	220.37301
cog.000057	5.3281e-01	1797	957.45957
cog.000058	1.8412e+00	1893	3485.3916
cog.000059	4.8410e-01	1638	792.9558
cog.000060	4.8657e-01	1617	786.78369
cog.000061	4.9890e-01	1635	815.7015
cog.000062	6.2028e-01	1638	1016.01864
cog.000063	6.3149e-01	1647	1040.06403
cog.000064	7.5025e-01	1815	1361.70375
cog.000065	5.1753e-01	771	399.01563
cog.000066	4.8701e-01	702	341.88102
cog.000067	8.4168e-01	798	671.66064
cog.000068	7.4713e-01	831	620.86503
cog.000069	4.6087e-01	735	338.73945
cog.000070	4.7447e-01	813	385.74411
cog.000071	4.1251e-01	756	311.85756
cog.000072	4.1928e-01	792	332.06976
cog.000073	3.9949e-01	753	300.81597
cog.000074	5.6691e-01	735	416.67885
cog.000075	8.0094e-01	780	624.7332
cog.000076	4.3998e-01	633	278.50734
cog.000077	4.1631e-01	747	310.98357
cog.000078	6.5534e-01	693	454.15062
cog.000079	1.0086e+00	834	841.1724
cog.000080	7.9200e-01	876	693.792
cog.000081	5.5003e-01	750	412.5225
cog.000082	4.0752e-01	822	334.98144
cog.000083	5.2447e-01	837	438.98139
cog.000084	4.0274e-01	855	344.3427
cog.000085	4.1555e-01	846	351.5553
cog.000086	4.2046e-01	846	355.70916
cog.000087	6.6928e-01	1857	1242.85296
cog.000088	8.7244e-01	1947	1698.64068
cog.000089	6.8458e-01	1890	1293.8562
cog.000090	5.9729e-01	996	594.90084
cog.000091	5.2061e-01	993	516.96573
cog.000092	2.1406e-01	996	213.20376
cog.000093	3.9866e-01	972	387.49752
cog.000094	4.7991e-01	1488	714.10608
cog.000095	6.2013e-01	1449	898.56837
cog.000096	6.4747e-01	1455	942.06885
cog.000097	5.0081e-01	1728	865.39968
cog.000098	3.7694e-01	1884	710.15496
cog.000099	4.8058e-01	1749	840.53442
cog.000100	4.9075e-01	1794	880.4055
cog.000101	3.1795e-01	1008	320.4936
cog.000102	5.3502e-01	1020	545.7204
cog.000103	4.5106e-01	699	315.29094
cog.000104	5.7214e-01	726	415.37364
cog.000105	3.6981e-01	687	254.05947
cog.000106	4.9080e-01	732	359.2656
cog.000107	3.9566e-01	684	270.63144
cog.000108	3.7911e-01	720	272.9592
cog.000109	5.8109e-01	729	423.61461
cog.000110	8.6803e-01	756	656.23068
cog.000111	6.8849e-01	1398	962.50902
cog.000112	6.0370e-01	1437	867.5169
cog.000113	5.4034e-01	1350	729.459
cog.000114	6.9912e-01	1416	989.95392
cog.000115	4.0175e-01	1470	590.5725
cog.000116	5.7179e-01	1008	576.36432
cog.000117	4.2521e-01	999	424.78479
cog.000118	5.3252e-01	999	531.98748
cog.000119	5.6152e-01	768	431.24736
cog.000120	4.5624e-01	732	333.96768
cog.000121	3.5539e-01	771	274.00569
cog.000122	1.4043e+00	780	1095.354
cog.000123	6.6923e-01	1218	815.12214
cog.000124	4.5218e-01	1185	535.8333
cog.000125	4.0440e-01	1176	475.5744
cog.000126	4.6125e-01	1482	683.5725
cog.000127	5.5538e-01	1359	754.76142
cog.000128	6.1496e-01	1380	848.6448
cog.000129	5.2188e-01	1389	724.89132
cog.000130	4.5317e-01	1398	633.53166
cog.000131	4.8739e-01	735	358.23165
cog.000132	5.6231e-01	894	502.70514
cog.000133	6.6461e-01	942	626.06262
cog.000134	6.2702e-01	912	571.84224
cog.000135	4.6983e-01	1041	489.09303
cog.000136	5.2289e-01	1074	561.58386
cog.000137	2.9472e-01	1014	298.84608
cog.000138	3.1707e-01	1119	354.80133
cog.000139	4.0366e-01	564	227.66424
cog.000140	5.8537e-01	615	360.00255
cog.000141	7.0981e-01	558	396.07398
cog.000142	4.7904e-01	2721	1303.46784
cog.000143	5.7673e-01	2793	1610.80689
cog.000144	4.0324e-01	1542	621.79608
cog.000145	3.8635e-01	1560	602.706
cog.000146	4.4040e-01	1509	664.5636
cog.000147	4.2126e-01	1521	640.73646
cog.000148	5.9092e-01	915	540.6918
cog.000149	7.1079e-01	948	673.82892
cog.000150	5.1755e-01	912	472.0056
cog.000151	7.8985e-01	636	502.3446
cog.000152	4.6632e-01	657	306.37224
cog.000153	4.3366e-01	657	284.91462
cog.000154	5.5328e-01	651	360.18528
cog.000155	4.6741e-01	2610	1219.9401
cog.000156	3.5394e-01	2493	882.37242
cog.000157	3.3813e-01	2043	690.79959
cog.000158	3.1950e-01	2259	721.7505
cog.000159	4.7016e-01	2715	1276.4844
cog.000160	5.3222e-01	2256	1200.68832
cog.000161	5.4266e-01	846	459.09036
cog.000162	5.3716e-01	864	464.10624
cog.000163	5.8177e-01	870	506.1399
cog.000164	6.3303e-01	873	552.63519
cog.000165	5.1615e-01	2877	1484.96355
cog.000166	5.3307e-01	2526	1346.53482
cog.000167	1.1751e+00	2274	2672.1774
cog.000168	5.9257e-01	681	403.54017
cog.000169	5.4230e-01	711	385.5753
cog.000170	2.5578e-01	738	188.76564
cog.000171	5.1060e-01	738	376.8228
cog.000172	5.4037e-01	2676	1446.03012
cog.000173	8.0088e-01	2595	2078.2836
cog.000174	4.7831e-01	867	414.69477
cog.000175	4.6241e-01	1002	463.33482
cog.000176	5.3934e-01	939	506.44026
cog.000177	6.1499e-01	906	557.18094
cog.000178	5.2601e-01	864	454.47264
cog.000179	3.4763e-01	828	287.83764
cog.000180	4.8108e-01	852	409.88016
cog.000181	4.7089e-01	1428	672.43092
cog.000182	5.3242e-01	1437	765.08754
cog.000183	6.0663e-01	1437	871.72731
cog.000184	4.6773e-01	1425	666.51525
cog.000185	4.4496e-01	1542	686.12832
cog.000186	5.3909e-01	1953	1052.84277
cog.000187	5.5824e-01	1926	1075.17024
cog.000188	4.2733e-01	1623	693.55659
cog.000189	7.0137e-01	462	324.03294
cog.000190	5.3231e-01	432	229.95792
cog.000191	5.3291e-01	438	233.41458
cog.000192	3.6966e-01	483	178.54578
cog.000193	5.2796e-01	474	250.25304
cog.000194	6.3998e-01	807	516.46386
cog.000195	4.7510e-01	792	376.2792
cog.000196	5.2066e-01	768	399.86688
cog.000197	5.7265e-01	771	441.51315
cog.000198	4.3391e-01	1356	588.38196
cog.000199	4.8098e-01	1356	652.20888
cog.000200	6.2440e-01	1611	1005.9084
cog.000201	3.8312e-01	1086	416.06832
cog.000202	4.4463e-01	1086	482.86818
cog.000203	4.7242e-01	1032	487.53744
cog.000204	1.5481e+00	1116	1727.6796
cog.000205	4.2908e-01	951	408.05508
cog.000206	4.8635e-01	993	482.94555
cog.000207	5.8489e-01	1536	898.39104
cog.000208	7.1025e-01	1332	946.053
cog.000209	7.3035e-01	750	547.7625
cog.000210	1.1664e+00	921	1074.2544
cog.000211	8.3190e-01	861	716.2659
cog.000212	5.5505e-01	1326	735.9963
cog.000213	1.9656e-01	1422	279.50832
cog.000214	4.6604e-01	1323	616.57092
cog.000215	5.2314e-01	1917	1002.85938
cog.000216	6.2587e-01	1821	1139.70927
cog.000217	3.5519e-01	822	291.96618
cog.000218	6.5987e-01	906	597.84222
cog.000219	8.3389e-01	915	763.00935
cog.000220	5.6629e-01	894	506.26326
cog.000221	9.1579e-01	876	802.23204
cog.000222	3.7859e-01	954	361.17486
cog.000223	3.8574e-01	942	363.36708
cog.000224	5.7921e-01	951	550.82871
cog.000225	4.3681e-01	687	300.08847
cog.000226	4.6530e-01	660	307.098
cog.000227	3.1581e-01	702	221.69862
cog.000228	4.2987e-01	636	273.39732
cog.000229	3.0849e-01	1014	312.80886
cog.000230	3.7597e-01	1011	380.10567
cog.000231	3.6248e-01	1026	371.90448
cog.000232	6.6899e-01	1275	852.96225
cog.000233	5.9917e-01	1185	710.01645
cog.000234	1.1845e+00	1188	1407.186
cog.000235	5.9446e-01	2436	1448.10456
cog.000236	9.3399e-01	2412	2252.78388
cog.000237	3.9557e-01	5610	2219.1477
cog.000238	6.4797e-01	675	437.37975
cog.000239	4.0667e-01	1401	569.74467
cog.000240	4.8477e-01	1389	673.34553
cog.000241	1.0571e+00	1419	1500.0249
cog.000242	5.2064e-01	1320	687.2448
cog.000243	5.4801e-01	1128	618.15528
cog.000244	5.3368e-01	1143	609.99624
cog.000245	5.4555e-01	654	356.7897
cog.000246	9.4620e-02	366	34.63092
cog.000247	4.1279e-01	756	312.06924
cog.000248	5.6294e-01	3114	1752.99516
cog.000249	7.3376e-01	3111	2282.72736
cog.000250	8.5956e-01	1011	869.01516
cog.000251	5.0120e-01	993	497.6916
cog.000252	6.2774e-01	1023	642.17802
cog.000253	8.4354e-01	348	293.55192
cog.000254	6.1730e-01	1392	859.2816
cog.000255	5.2159e-01	1395	727.61805
cog.000256	5.7272e-01	1224	701.00928
cog.000257	6.0729e-01	744	451.82376
cog.000258	5.5482e-01	693	384.49026
cog.000259	7.1104e-01	408	290.10432
cog.000260	6.8680e-01	396	271.9728
cog.000261	1.3982e-01	393	54.94926
cog.000262	4.9554e-01	738	365.70852
cog.000263	9.6990e-02	2385	231.32115
cog.000264	4.7913e-01	978	468.58914
cog.000265	5.8781e-01	933	548.42673
cog.000266	5.0410e-01	1062	535.3542
cog.000267	5.3135e-01	1191	632.83785
cog.000268	5.3518e-01	1182	632.58276
cog.000269	8.7140e-01	1029	896.6706
cog.000270	2.3558e-01	1578	371.74524
cog.000271	5.5149e-01	1596	880.17804
cog.000272	4.9414e-01	2307	1139.98098
cog.000273	4.9793e-01	2292	1141.25556
cog.000274	5.5819e-01	1167	651.40773
cog.000275	4.3812e-01	1131	495.51372
cog.000276	5.3420e-01	1401	748.4142
cog.000277	4.5813e-01	1344	615.72672
cog.000278	5.6022e-01	1812	1015.11864
cog.000279	3.5590e-01	1422	506.0898
cog.000280	2.5025e-01	1473	368.61825
cog.000281	4.7119e-01	1467	691.23573
cog.000282	7.2598e-01	1053	764.45694
cog.000283	8.3672e-01	1068	893.61696
cog.000284	5.3050e-01	642	340.581
cog.000285	5.8653e-01	612	358.95636
cog.000286	9.6569e-01	639	617.07591
cog.000287	5.8380e-01	690	402.822
cog.000288	6.3408e-01	918	582.08544
cog.000289	6.3038e-01	672	423.61536
cog.000290	4.6973e-01	672	315.65856
cog.000291	1.0419e+00	1389	1447.1991
cog.000292	4.8526e-01	1263	612.88338
cog.000293	5.6999e-01	1923	1096.09077
cog.000294	5.6572e-01	927	524.42244
cog.000295	3.4006e-01	954	324.41724
cog.000296	4.7523e-01	1713	814.06899
cog.000297	3.2575e-01	1686	549.2145
cog.000298	4.7647e-01	1131	538.88757
cog.000299	5.3041e-01	417	221.18097
cog.000300	5.9086e-01	1272	751.57392
cog.000301	6.1290e-02	1146	70.23834
cog.000302	1.9002e-01	465	88.3593
cog.000303	4.4342e-01	585	259.4007
cog.000304	3.1517e-01	591	186.26547
cog.000305	4.7122e-01	1143	538.60446
cog.000306	4.8855e-01	1161	567.20655
cog.000307	1.3394e+00	639	855.8766
cog.000308	8.5727e-01	912	781.83024
cog.000309	5.7203e-01	906	518.25918
cog.000310	7.9529e-01	822	653.72838
cog.000311	7.6737e-01	813	623.87181
cog.000312	7.4297e-01	723	537.16731
cog.000313	5.7059e-01	2580	1472.1222
cog.000314	6.8780e-01	1419	975.9882
cog.000315	7.0496e-01	1380	972.8448
cog.000316	1.7990e-01	1893	340.5507
cog.000317	4.9274e-01	1308	644.50392
cog.000318	5.2147e-01	660	344.1702
cog.000319	7.1247e-01	663	472.36761
cog.000320	4.8469e-01	1311	635.42859
cog.000321	4.0380e-01	1308	528.1704
cog.000322	3.7604e-01	1968	740.04672
cog.000323	5.6436e-01	1962	1107.27432
cog.000324	1.5400e-01	894	137.676
cog.000325	5.3495e-01	639	341.83305
cog.000326	5.5219e-01	639	352.84941
cog.000327	3.3313e-01	1572	523.68036
cog.000328	4.3601e-01	1350	588.6135
cog.000329	6.4919e-01	1161	753.70959
cog.000330	4.5949e-01	663	304.64187
cog.000331	4.0878e-01	642	262.43676
cog.000332	9.0276e-01	993	896.44068
cog.000333	6.0387e-01	942	568.84554
cog.000334	5.1997e-01	945	491.37165
cog.000335	2.2019e+00	3216	7081.3104
cog.000336	4.9174e+00	555	2729.157
cog.000337	6.9933e-01	1044	730.10052
cog.000338	9.0915e-01	1044	949.1526
cog.000339	5.5943e-01	1236	691.45548
cog.000340	8.2208e-01	855	702.8784
cog.000341	3.8101e-01	756	288.04356
cog.000342	5.3158e-01	1764	937.70712
cog.000343	8.5436e-01	438	374.20968
cog.000344	6.2009e-01	492	305.08428
cog.000345	3.5092e-01	765	268.4538
cog.000346	6.1083e-01	1287	786.13821
cog.000347	4.8891e-01	1326	648.29466
cog.000348	4.3736e-01	441	192.87576
cog.000349	4.6748e-01	465	217.3782
cog.000350	3.6869e-01	2574	949.00806
cog.000351	5.1027e-01	2436	1243.01772
cog.000352	4.1038e-01	1332	546.62616
cog.000353	3.2963e-01	729	240.30027
cog.000354	8.7881e-01	981	862.11261
cog.000355	3.7952e-01	1002	380.27904
cog.000356	4.2702e-01	903	385.59906
cog.000357	6.9202e-01	777	537.69954
cog.000358	4.5877e-01	1383	634.47891
cog.000359	5.3284e-01	1371	730.52364
cog.000360	9.0279e-01	771	696.05109
cog.000361	7.7873e-01	1467	1142.39691
cog.000362	6.5761e-01	654	430.07694
cog.000363	6.1181e-01	642	392.78202
cog.000364	4.8266e-01	1290	622.6314
cog.000365	4.1548e-01	1692	702.99216
cog.000366	3.7159e-01	1422	528.40098
cog.000367	6.2570e-01	708	442.9956
cog.000368	4.3523e-01	1263	549.69549
cog.000369	5.4697e-01	1296	708.87312
cog.000370	5.9500e-01	882	524.79
cog.000371	2.1808e-01	891	194.30928
cog.000372	5.9673e-01	1077	642.67821
cog.000373	4.9084e-01	678	332.78952
cog.000374	5.6531e-01	702	396.84762
cog.000375	4.0314e-01	1293	521.26002
cog.000376	5.4341e-01	1158	629.26878
cog.000377	1.4298e+00	1206	1724.3388
cog.000378	4.6315e-01	249	115.32435
cog.000379	4.2887e-01	951	407.85537
cog.000380	4.7240e-01	993	469.0932
cog.000381	4.7057e-01	1404	660.68028
cog.000382	4.1127e-01	1455	598.39785
cog.000383	4.7797e-01	1380	659.5986
cog.000384	4.3063e-01	1239	533.55057
cog.000385	5.7255e-01	654	374.4477
cog.000386	5.7538e-01	627	360.76326
cog.000387	3.4315e-01	1518	520.9017
cog.000388	4.1030e-01	1545	633.9135
cog.000389	4.5609e-01	768	350.27712
cog.000390	5.1179e-01	801	409.94379
cog.000391	2.0467e-01	387	79.20729
cog.000392	2.3412e-01	699	163.64988
cog.000393	6.0666e-01	669	405.85554
cog.000394	1.7740e-01	687	121.8738
cog.000395	5.0033e-01	1611	806.03163
cog.000396	4.2471e-01	1455	617.95305
cog.000397	6.1989e-01	1434	888.92226
cog.000398	6.4823e-01	621	402.55083
cog.000399	5.7301e-01	630	360.9963
cog.000400	6.4537e-01	684	441.43308
cog.000401	5.0130e-01	1392	697.8096
cog.000402	4.5752e-01	1326	606.67152
cog.000403	4.5624e-01	1026	468.10224
cog.000404	6.3202e-01	1005	635.1801
cog.000405	4.9640e-01	453	224.8692
cog.000406	6.2123e-01	465	288.87195
cog.000407	7.8858e-01	1329	1048.02282
cog.000408	1.1897e+00	1341	1595.3877
cog.000409	4.5078e-01	1050	473.319
cog.000410	3.8628e-01	216	83.43648
cog.000411	3.2410e-02	201	6.51441
cog.000412	8.7520e-02	204	17.85408
cog.000413	4.9923e-01	2061	1028.91303
cog.000414	4.4620e-01	2142	955.7604
cog.000415	5.5000e-01	768	422.4
cog.000416	4.7452e-01	780	370.1256
cog.000417	6.1347e-01	1704	1045.35288
cog.000418	3.0442e-01	684	208.22328
cog.000419	3.4409e-01	903	310.71327
cog.000420	6.0293e-01	921	555.29853
cog.000421	5.0500e-01	459	231.795
cog.000422	4.4459e-01	486	216.07074
cog.000423	4.8002e-01	1140	547.2228
cog.000424	5.7269e-01	2334	1336.65846
cog.000425	4.8541e-01	2085	1012.07985
cog.000426	4.2398e-01	1089	461.71422
cog.000427	3.9445e-01	1056	416.5392
cog.000428	4.4192e-01	1734	766.28928
cog.000429	5.0133e-01	927	464.73291
cog.000430	5.3204e-01	921	490.00884
cog.000431	5.9981e-01	456	273.51336
cog.000432	3.5714e-01	393	140.35602
cog.000433	8.7378e-01	2316	2023.67448
cog.000434	4.5700e-01	438	200.166
cog.000435	5.8862e-01	411	241.92282
cog.000436	5.1059e-01	996	508.54764
cog.000437	2.5395e-01	1029	261.31455
cog.000438	4.2824e-01	1200	513.888
cog.000439	6.2562e-01	1185	741.3597
cog.000440	7.6831e-01	1479	1136.33049
cog.000441	5.2376e-01	711	372.39336
cog.000442	4.6500e-01	1410	655.65
cog.000443	3.8446e-01	1245	478.6527
cog.000444	4.2017e-01	1197	502.94349
cog.000445	5.2974e-01	1170	619.7958
cog.000446	5.1650e-01	471	243.2715
cog.000447	4.6715e-01	525	245.25375
cog.000448	3.3082e-01	828	273.91896
cog.000449	1.6038e+00	867	1390.4946
cog.000450	8.5506e-01	1512	1292.85072
cog.000451	6.1100e-01	873	533.403
cog.000452	3.2851e-01	1008	331.13808
cog.000453	3.5601e-01	1014	360.99414
cog.000454	6.7524e-01	576	388.93824
cog.000455	5.0294e-01	945	475.2783
cog.000456	7.3230e-01	990	724.977
cog.000457	8.0962e-01	807	653.36334
cog.000458	8.7105e-01	825	718.61625
cog.000459	6.7778e-01	1038	703.53564
cog.000460	2.9730e-01	834	247.9482
cog.000461	6.5045e-01	1218	792.2481
cog.000462	5.9020e-01	1137	671.0574
cog.000463	3.5674e-01	471	168.02454
cog.000464	6.3083e-01	465	293.33595
cog.000465	4.6446e-01	1359	631.20114
cog.000466	6.6114e-01	1290	852.8706
cog.000467	5.6666e-01	954	540.59364
cog.000468	5.7417e-01	2484	1426.23828
cog.000469	4.6754e-01	834	389.92836
cog.000470	4.8826e-01	813	396.95538
cog.000471	1.1168e+00	648	723.6864
cog.000472	3.2862e-01	489	160.69518
cog.000473	3.5610e-01	492	175.2012
cog.000474	8.0610e-01	1314	1059.2154
cog.000475	8.8360e-01	744	657.3984
cog.000476	5.8436e-01	1935	1130.7366
cog.000477	4.1719e-01	1086	453.06834
cog.000478	4.3141e-01	1119	482.74779
cog.000479	4.0141e-01	2418	970.60938
cog.000480	6.2364e-01	942	587.46888
cog.000481	5.1573e-01	885	456.42105
cog.000482	4.5772e-01	957	438.03804
cog.000483	2.4330e-01	918	223.3494
cog.000484	5.1275e-01	249	127.67475
cog.000485	3.7121e-01	1941	720.51861
cog.000486	3.9919e-01	1953	779.61807
cog.000487	3.5652e-01	1023	364.71996
cog.000488	1.1265e+00	1056	1189.584
cog.000489	5.3161e-01	2358	1253.53638
cog.000490	5.7930e-01	234	135.5562
cog.000491	4.7194e-01	978	461.55732
cog.000492	4.3951e-01	960	421.9296
cog.000493	7.6986e-01	432	332.57952
cog.000494	5.2976e-01	1176	622.99776
cog.000495	5.7004e-01	1164	663.52656
cog.000496	7.1818e-01	3756	2697.48408
cog.000497	7.0122e-01	789	553.26258
cog.000498	5.1879e-01	789	409.32531
cog.000499	5.5695e-01	705	392.64975
cog.000500	3.9468e-01	1179	465.32772
cog.000501	5.7256e-01	2652	1518.42912
cog.000502	8.2798e-01	1110	919.0578
cog.000503	4.3423e-01	1836	797.24628
cog.000504	2.1242e-01	1845	391.9149
cog.000505	4.5947e-01	876	402.49572
cog.000506	3.6210e-01	909	329.1489
cog.000507	7.0849e-01	879	622.76271
cog.000508	5.6755e-01	912	517.6056
cog.000509	2.9180e-01	363	105.9234
cog.000510	5.7111e-01	423	241.57953
cog.000511	4.5737e-01	978	447.30786
cog.000512	4.5222e-01	957	432.77454
cog.000513	4.5814e-01	636	291.37704
cog.000514	4.3927e-01	651	285.96477
cog.000515	2.4471e-01	396	96.90516
cog.000516	5.9409e-01	306	181.79154
cog.000517	4.5228e-01	1308	591.58224
cog.000518	4.8885e-01	1281	626.21685
cog.000519	5.1319e-01	693	355.64067
cog.000520	1.4364e+00	696	999.7344
cog.000521	1.7145e-01	1008	172.8216
cog.000522	4.0545e-01	1017	412.34265
cog.000523	5.0453e-01	930	469.2129
cog.000524	5.9025e-01	957	564.86925
cog.000525	3.9236e-01	2658	1042.89288
cog.000526	3.2392e-01	1149	372.18408
cog.000527	5.0189e-01	1281	642.92109
cog.000528	2.2310e-01	1422	317.2482
cog.000529	1.0142e+00	897	909.7374
cog.000530	3.1110e-01	444	138.1284
cog.000531	4.6033e-01	414	190.57662
cog.000532	6.8197e-01	3345	2281.18965
cog.000533	4.2119e-01	399	168.05481
cog.000534	2.4554e-01	1230	302.0142
cog.000535	8.2241e-01	1605	1319.96805
cog.000536	3.5741e-01	1248	446.04768
cog.000537	7.4265e-01	1311	973.61415
cog.000538	7.2065e-01	1305	940.44825
cog.000539	6.3984e-01	1206	771.64704
cog.000540	4.1011e-01	2232	915.36552
cog.000541	2.8266e-01	612	172.98792
cog.000542	5.4147e-01	567	307.01349
cog.000543	2.3284e-01	264	61.46976
cog.000544	7.1781e-01	288	206.72928
cog.000545	6.3965e-01	675	431.76375
cog.000546	5.4958e-01	420	230.8236
cog.000547	4.5953e-01	999	459.07047
cog.000548	1.1240e+00	3315	3726.06
cog.000549	7.7810e-01	1059	824.0079
cog.000550	4.6596e-01	1212	564.74352
cog.000551	5.3094e-01	585	310.5999
cog.000552	5.5778e-01	1542	860.09676
cog.000553	5.9059e-01	576	340.17984
cog.000554	6.7441e-01	1473	993.40593
cog.000555	6.8091e-01	969	659.80179
cog.000556	7.9822e-01	2250	1795.995
cog.000557	4.3804e-01	1608	704.36832
cog.000558	4.9574e-01	654	324.21396
cog.000559	5.0099e-01	753	377.24547
cog.000560	7.8880e-01	1014	799.8432
cog.000561	2.5061e-01	480	120.2928
cog.000562	6.2619e-01	828	518.48532
cog.000563	4.6026e-01	306	140.83956
cog.000564	4.0341e-01	1029	415.10889
cog.000565	3.7533e-01	1095	410.98635
cog.000566	2.3854e-01	2361	563.19294
cog.000567	5.0780e-01	795	403.701
cog.000568	6.3160e-01	519	327.8004
cog.000569	7.1492e-01	1026	733.50792
cog.000570	5.5307e-01	873	482.83011
cog.000571	6.6685e-01	1524	1016.2794
cog.000572	5.4747e-01	765	418.81455
cog.000573	3.9714e-01	1743	692.21502
cog.000574	6.7966e-01	546	371.09436
cog.000575	7.0118e-01	537	376.53366
cog.000576	8.4365e-01	789	665.63985
cog.000577	5.7988e-01	645	374.0226
cog.000578	5.3048e-01	3534	1874.71632
cog.000579	7.0632e-01	891	629.33112
cog.000580	4.9091e-01	858	421.20078
cog.000581	4.7302e-01	669	316.45038
cog.000582	5.2866e-01	1140	602.6724
cog.000583	7.9741e-01	1752	1397.06232
cog.000584	5.7885e-01	435	251.79975
cog.000585	7.8156e-01	1455	1137.1698
cog.000586	1.0391e+00	855	888.4305
cog.000587	1.3845e+00	960	1329.12
cog.000588	5.5551e-01	1020	566.6202
cog.000589	2.1484e-01	540	116.0136
cog.000590	3.8087e-01	225	85.69575
cog.000591	5.6672e-01	1080	612.0576
cog.000592	1.3533e+00	1383	1871.6139
cog.000593	5.4010e-01	1278	690.2478
cog.000594	3.6970e-01	1689	624.4233
cog.000595	7.1039e-01	1290	916.4031
cog.000596	7.0210e-01	846	593.9766
cog.000597	5.1986e-01	990	514.6614
cog.000598	4.8486e-01	774	375.28164
cog.000599	6.8253e-01	453	309.18609
cog.000600	5.3351e-01	531	283.29381
cog.000601	5.2727e-01	1386	730.79622
cog.000602	5.8364e-01	1242	724.88088
cog.000603	5.2865e-01	1380	729.537
cog.000604	6.8922e-01	2328	1604.50416
cog.000605	5.5773e-01	2502	1395.44046
cog.000606	4.6225e-01	903	417.41175
cog.000607	7.2673e-01	615	446.93895
cog.000608	4.6196e-01	1095	505.8462
cog.000609	4.6894e-01	2223	1042.45362
cog.000610	4.2515e-01	939	399.21585
cog.000611	5.2389e-01	1008	528.08112
cog.000612	8.6863e-01	774	672.31962
cog.000613	6.1918e-01	1299	804.31482
cog.000614	3.1295e-01	1068	334.2306
cog.000615	5.6261e-01	228	128.27508
cog.000616	9.3956e-01	528	496.08768
cog.000617	6.6687e-01	840	560.1708
cog.000618	5.9460e-01	2397	1425.2562
cog.000619	6.9228e-01	816	564.90048
cog.000620	9.1004e-01	516	469.58064
cog.000621	5.3161e-01	888	472.06968
cog.000622	4.9516e-01	885	438.2166
cog.000623	6.6872e-01	219	146.44968
cog.000624	4.6350e-01	1272	589.572
cog.000625	4.6002e-01	2640	1214.4528
cog.000626	8.2711e-01	372	307.68492
cog.000627	5.9563e-01	795	473.52585
cog.000628	2.5577e-01	873	223.28721
cog.000629	4.8847e-01	2409	1176.72423
cog.000630	4.1124e-01	348	143.11152
cog.000631	4.5804e-01	984	450.71136
cog.000632	7.0844e-01	1200	850.128
cog.000633	3.6489e-01	309	112.75101
cog.000634	4.6650e-01	327	152.5455
cog.000635	5.5082e-01	1734	955.12188
cog.000636	6.9120e-01	1206	833.5872
cog.000637	6.0646e-01	426	258.35196
cog.000638	2.0576e-01	237	48.76512
cog.000639	3.9847e-01	240	95.6328
cog.000640	1.6108e-01	288	46.39104
cog.000641	4.3847e-01	1464	641.92008
cog.000642	9.0719e-01	432	391.90608
cog.000643	4.5712e-01	630	287.9856
cog.000644	5.9669e-01	1341	800.16129
cog.000645	1.0403e+00	756	786.4668
cog.000646	7.3981e-01	771	570.39351
cog.000647	1.1859e-01	147	17.43273
cog.000648	3.3763e-01	147	49.63161
cog.000649	4.7896e-01	1353	648.03288
cog.000650	5.5504e-01	345	191.4888
cog.000651	4.9026e-01	792	388.28592
cog.000652	3.6853e-01	1107	407.96271
cog.000653	7.4904e-01	1071	802.22184
cog.000654	5.3853e-01	2709	1458.87777
cog.000655	8.5021e-01	930	790.6953
cog.000656	7.5967e-01	969	736.12023
cog.000657	4.0592e-01	708	287.39136
cog.000658	1.1196e+00	2589	2898.6444
cog.000659	5.7517e-01	1503	864.48051
cog.000660	3.6468e-01	324	118.15632
cog.000661	7.2745e-01	1143	831.47535
cog.000662	5.1367e-01	849	436.10583
cog.000663	9.6011e-01	474	455.09214
cog.000664	3.7728e-01	912	344.07936
cog.000665	5.1380e-01	954	490.1652
cog.000666	3.7382e-01	1878	702.03396
cog.000667	5.1379e-01	441	226.58139
cog.000668	5.3022e-01	660	349.9452
cog.000669	4.8764e-01	1461	712.44204
cog.000670	5.6727e-01	1074	609.24798
cog.000671	8.5180e-01	1155	983.829
cog.000672	3.8489e-01	1491	573.87099
cog.000673	6.8496e-01	1218	834.28128
cog.000674	6.0120e-01	423	254.3076
cog.000675	5.7491e-01	2364	1359.08724
cog.000676	5.3380e-01	366	195.3708
cog.000677	8.9363e-01	1158	1034.82354
cog.000678	7.2573e-01	642	465.91866
cog.000679	4.0657e-01	1023	415.92111
cog.000680	8.1774e-01	1440	1177.5456
cog.000681	6.1943e-01	945	585.36135
cog.000682	5.6056e-01	999	559.99944
cog.000683	1.3544e+00	1395	1889.388
cog.000684	7.6584e-01	654	500.85936
cog.000685	6.5199e-01	282	183.86118
cog.000686	5.6358e-01	654	368.58132
cog.000687	9.7067e-01	882	856.13094
cog.000688	7.3520e-01	3555	2613.636
cog.000689	1.1046e+00	1197	1322.2062
cog.000690	1.3450e+00	816	1097.52
cog.000691	8.9313e-01	849	758.26737
cog.000692	1.1664e+00	1956	2281.4784
cog.000693	3.5885e-01	816	292.8216
cog.000694	7.9357e-01	873	692.78661
cog.000695	8.3232e-01	1278	1063.70496
cog.000696	4.5449e-01	2022	918.97878
cog.000697	6.7592e-01	705	476.5236
cog.000698	4.7496e-01	1938	920.47248
cog.000699	6.8137e-01	1617	1101.77529
cog.000700	4.5688e-01	633	289.20504
cog.000701	4.7747e-01	2586	1234.73742
cog.000702	3.8412e-01	588	225.86256
cog.000703	5.7117e-01	546	311.85882
cog.000704	8.2536e-01	306	252.56016
cog.000705	5.4221e-01	2139	1159.78719
cog.000706	3.8683e-01	666	257.62878
cog.000707	6.0665e-01	684	414.9486
cog.000708	7.6368e-01	654	499.44672
cog.000709	7.1522e-01	1824	1304.56128
cog.000710	5.0090e-02	360	18.0324
cog.000711	3.1474e-01	375	118.0275
cog.000712	8.1921e-01	1320	1081.3572
cog.000713	7.9766e-01	1239	988.30074
cog.000714	2.8848e-01	1026	295.98048
cog.000715	4.7934e-01	951	455.85234
cog.000716	6.0220e-01	717	431.7774
cog.000717	8.6837e-01	762	661.69794
cog.000718	5.9901e-01	966	578.64366
cog.000719	2.7517e-01	1527	420.18459
cog.000720	5.0953e-01	597	304.18941
cog.000721	9.2957e-01	630	585.6291
cog.000722	4.1354e-01	261	107.93394
cog.000723	5.2247e-01	711	371.47617
cog.000724	8.9461e-01	1401	1253.34861
cog.000725	5.0648e-01	1404	711.09792
cog.000726	4.5311e-01	1710	774.8181
cog.000727	1.1118e+00	342	380.2356
cog.000728	4.1755e-01	2343	978.31965
cog.000729	5.1760e-01	1134	586.9584
cog.000730	4.5180e-01	639	288.7002
cog.000731	5.2445e-01	312	163.6284
cog.000732	3.6769e-01	1425	523.95825
cog.000733	4.3536e-01	1842	801.93312
cog.000734	4.9250e-01	645	317.6625
cog.000735	9.1701e-01	1599	1466.29899
cog.000736	7.0224e-01	945	663.6168
cog.000737	6.4207e-01	2055	1319.45385
cog.000738	2.0529e-01	510	104.6979
cog.000739	5.3126e-01	1188	631.13688
cog.000740	1.0550e+00	576	607.68
cog.000741	8.0290e-01	1137	912.8973
cog.000742	5.5840e-01	2028	1132.4352
cog.000743	5.1734e-01	1116	577.35144
cog.000744	1.8281e+00	1233	2254.0473
cog.000745	1.3719e+00	414	567.9666
cog.000746	7.5433e-01	465	350.76345
cog.000747	5.0651e-01	939	475.61289
cog.000748	1.1224e+00	927	1040.4648
cog.000749	7.2877e-01	954	695.24658
cog.000750	3.6913e-01	2802	1034.30226
cog.000751	3.7283e-01	1851	690.10833
cog.000752	4.4856e-01	267	119.76552
cog.000753	2.9169e-01	1332	388.53108
cog.000754	6.3160e-01	1023	646.1268
cog.000755	5.6795e-01	909	516.26655
cog.000756	7.8278e-01	870	681.0186
cog.000757	7.3904e-01	759	560.93136
cog.000758	3.8658e-01	1014	391.99212
cog.000759	5.8678e-01	480	281.6544
cog.000760	7.4215e-01	753	558.83895
cog.000761	7.6220e-01	1125	857.475
cog.000762	5.7232e-01	1149	657.59568
cog.000763	6.6432e-01	786	522.15552
cog.000764	3.5218e-01	1215	427.8987
cog.000765	6.8675e-01	477	327.57975
cog.000766	4.5093e-01	1362	614.16666
cog.000767	5.3341e-01	615	328.04715
cog.000768	5.3777e-01	945	508.19265
cog.000769	6.5368e-01	2343	1531.57224
cog.000770	6.0066e-01	651	391.02966
cog.000771	5.7607e-01	1041	599.68887
cog.000772	5.1997e-01	1461	759.67617
cog.000773	5.2479e-01	714	374.70006
cog.000774	5.2778e-01	1221	644.41938
cog.000775	5.9486e-01	801	476.48286
cog.000776	5.7787e-01	1230	710.7801
cog.000777	5.5421e-01	786	435.60906
cog.000778	5.3950e-01	1428	770.406
cog.000779	7.9824e-01	1221	974.65104
cog.000780	5.4369e-01	660	358.8354
cog.000781	5.1599e-01	393	202.78407
cog.000782	5.4876e-01	798	437.91048
cog.000783	1.1615e+00	798	926.877
cog.000784	4.4703e-01	1440	643.7232
cog.000785	6.2955e-01	1086	683.6913
cog.000786	8.7865e-01	756	664.2594
cog.000787	4.1739e-01	897	374.39883
cog.000788	5.4920e-01	753	413.5476
cog.000789	9.6457e-01	351	338.56407
cog.000790	5.2486e-01	1887	990.41082
cog.000791	4.3370e-01	1038	450.1806
cog.000792	5.0185e-01	777	389.93745
cog.000793	7.2256e-01	921	665.47776
cog.000794	3.4182e-01	645	220.4739
cog.000795	6.1421e-01	366	224.80086
cog.000796	4.6415e-01	4320	2005.128
cog.000797	8.7621e-01	501	438.98121
cog.000798	5.4099e-01	1134	613.48266
cog.000799	6.8663e-01	1398	959.90874
cog.000800	5.5499e-01	2955	1639.99545
cog.000801	7.7576e-01	450	349.092
cog.000802	4.7918e-01	501	240.06918
cog.000803	5.0023e-01	1026	513.23598
cog.000804	4.8073e-01	879	422.56167
cog.000805	4.5592e-01	1344	612.75648
cog.000806	7.1350e-01	546	389.571
cog.000807	6.0416e-01	504	304.49664
cog.000808	4.1626e-01	813	338.41938
cog.000809	4.1627e-01	1629	678.10383
cog.000810	5.0664e-01	630	319.1832
cog.000811	5.0080e-01	960	480.768
cog.000812	7.0891e-01	1095	776.25645
cog.000813	1.2286e+00	195	239.577
cog.000814	1.0067e+00	456	459.0552
cog.000815	1.5076e+00	474	714.6024
cog.000816	3.8041e-01	1287	489.58767
cog.000817	6.2211e-01	759	472.18149
cog.000818	4.2801e-01	795	340.26795
cog.000819	4.8776e-01	1014	494.58864
cog.000820	7.2352e-01	1167	844.34784
cog.000821	5.0027e-01	708	354.19116
cog.000822	8.0020e-01	234	187.2468
cog.000823	9.8674e-01	312	307.86288
cog.000824	7.6171e-01	714	543.86094
cog.000825	8.2315e-01	453	372.88695
cog.000826	7.3856e-01	870	642.5472
cog.000827	6.9293e-01	336	232.82448
cog.000828	4.9970e-01	900	449.73
cog.000829	7.8294e-01	747	584.85618
cog.000830	8.1656e-01	792	646.71552
cog.000831	6.0380e-01	375	226.425
cog.000832	6.8109e-01	1209	823.43781
cog.000833	4.8265e-01	510	246.1515
cog.000834	6.0800e-02	363	22.0704
cog.000835	4.0544e-01	2163	876.96672
cog.000836	5.9959e-01	672	402.92448
cog.000837	6.3833e-01	240	153.1992
cog.000838	1.2805e+00	483	618.4815
cog.000839	6.1221e-01	777	475.68717
cog.000840	6.4428e-01	2835	1826.5338
cog.000841	5.5897e-01	636	355.50492
cog.000842	6.6576e-01	786	523.28736
cog.000843	1.2117e+00	510	617.967
cog.000844	4.6318e-01	855	396.0189
cog.000845	4.8241e-01	1491	719.27331
cog.000846	4.9843e-01	780	388.7754
cog.000847	7.0948e-01	2589	1836.84372
cog.000848	6.0041e-01	1029	617.82189
cog.000849	6.9279e-01	204	141.32916
cog.000850	3.6557e-01	774	282.95118
cog.000851	9.2849e-01	492	456.81708
cog.000852	8.2369e-01	831	684.48639
cog.000853	4.2305e-01	1374	581.2707
cog.000854	4.2799e-01	972	416.00628
cog.000855	4.6332e-01	768	355.82976
cog.000856	9.8480e-02	240	23.6352
cog.000857	4.2625e-01	324	138.105
cog.000858	2.7622e-01	1386	382.84092
cog.000859	2.4775e-01	1356	335.949
cog.000860	4.3450e-01	1044	453.618
cog.000861	3.5900e-01	1011	362.949
cog.000862	4.5810e-01	1458	667.9098
cog.000863	6.2889e-01	1536	965.97504
cog.000864	4.8002e-01	645	309.6129
cog.000865	6.4263e-01	828	532.09764
cog.000866	6.2863e-01	852	535.59276
cog.000867	6.5549e-01	660	432.6234
cog.000868	6.9283e-01	327	226.55541
cog.000869	4.1672e-01	471	196.27512
cog.000870	3.9381e-01	522	205.56882
cog.000871	5.6245e-01	1182	664.8159
cog.000872	5.1202e-01	1740	890.9148
cog.000873	1.1353e+00	1206	1369.1718
cog.000874	7.0279e-01	702	493.35858
cog.000875	4.8195e-01	945	455.44275
cog.000876	4.3804e-01	2649	1160.36796
cog.000877	4.0781e-01	927	378.03987
cog.000878	2.8391e-01	990	281.0709
cog.000879	5.1630e-01	2079	1073.3877
cog.000880	5.3444e-01	627	335.09388
cog.000881	4.1568e-01	3063	1273.22784
cog.000882	5.2103e-01	585	304.80255
cog.000883	5.5251e-01	387	213.82137
cog.000884	4.1704e-01	942	392.85168
cog.000885	3.1373e-01	495	155.29635
cog.000886	1.1098e+00	822	912.2556
cog.000887	7.5102e-01	732	549.74664
cog.000888	5.3436e-01	903	482.52708
cog.000889	7.6409e-01	720	550.1448
cog.000890	7.7711e-01	723	561.85053
cog.000891	5.8306e-01	528	307.85568
cog.000892	7.6793e-01	840	645.0612
cog.000893	7.8548e-01	732	574.97136
cog.000894	5.1618e-01	483	249.31494
cog.000895	5.2917e-01	963	509.59071
cog.000896	6.5200e-01	993	647.436
cog.000897	7.0625e-01	489	345.35625
cog.000898	6.3259e-01	1878	1188.00402
cog.000899	7.1715e-01	1170	839.0655
cog.000900	4.0059e-01	1419	568.43721
cog.000901	7.5562e-01	1209	913.54458
cog.000902	4.8355e-01	2283	1103.94465
cog.000903	3.9180e-01	471	184.5378
cog.000904	6.3984e-01	474	303.28416
cog.000905	5.0468e-01	552	278.58336
cog.000906	4.2598e-01	114	48.56172
cog.000907	9.5544e-01	564	538.86816
cog.000908	7.8918e-01	564	445.09752
cog.000909	6.3978e-01	1854	1186.15212
cog.000910	3.5053e-01	1791	627.79923
cog.000911	5.5339e-01	1809	1001.08251
cog.000912	6.3962e-01	1038	663.92556
cog.000913	5.4781e-01	285	156.12585
cog.000914	2.3749e-01	945	224.42805
cog.000915	7.4420e-01	684	509.0328
cog.000916	4.2874e-01	999	428.31126
cog.000917	9.1844e-01	582	534.53208
cog.000918	8.6135e-01	870	749.3745
cog.000919	5.8402e-01	756	441.51912
cog.000920	8.5179e-01	606	516.18474
cog.000921	9.7680e-01	1251	1221.9768
cog.000922	5.2377e-01	1659	868.93443
cog.000923	4.9294e-01	531	261.75114
cog.000924	8.1240e-01	1218	989.5032
cog.000925	3.8496e-01	582	224.04672
cog.000926	4.3837e-01	777	340.61349
cog.000927	5.4589e-01	2535	1383.83115
cog.000928	2.5773e-01	711	183.24603
cog.000929	4.8920e-01	1083	529.8036
cog.000930	4.4839e-01	1239	555.55521
cog.000931	5.3513e-01	1371	733.66323
cog.000932	5.6221e-01	804	452.01684
cog.000933	5.6892e-01	1302	740.73384
cog.000934	5.0387e-01	1014	510.92418
cog.000935	7.3507e-01	681	500.58267
cog.000936	7.5055e-01	816	612.4488
cog.000937	5.5991e-01	465	260.35815
cog.000938	7.1579e-01	297	212.58963
cog.000939	7.5349e-01	855	644.23395
cog.000940	4.0712e-01	606	246.71472
cog.000941	4.5136e-01	1953	881.50608
cog.000942	5.4309e-01	1251	679.40559
cog.000943	9.8913e-01	315	311.57595
cog.000944	5.7925e-01	510	295.4175
cog.000945	5.0673e-01	864	437.81472
cog.000946	5.5906e-01	435	243.1911
cog.000947	4.1170e-01	327	134.6259
cog.000948	7.0654e-01	507	358.21578
cog.000949	4.2960e-01	1380	592.848
cog.000950	6.0203e-01	825	496.67475
cog.000951	5.5366e-01	567	313.92522
cog.000952	6.4372e-01	1146	737.70312
cog.000953	5.7329e-01	687	393.85023
cog.000954	1.2849e+00	549	705.4101
cog.000955	4.9437e-01	1041	514.63917
cog.000956	7.8367e-01	858	672.38886
cog.000957	4.7036e-01	1494	702.71784
cog.000958	6.9051e-01	654	451.59354
cog.000959	6.8141e-01	957	652.10937
cog.000960	7.6084e-01	1101	837.68484
cog.000961	9.4810e-01	1143	1083.6783
cog.000962	8.5420e-01	660	563.772
cog.000963	5.3120e-01	1023	543.4176
cog.000964	5.4243e-01	768	416.58624
cog.000965	6.0128e-01	366	220.06848
cog.000966	5.0497e-01	531	268.13907
cog.000967	3.0536e-01	1341	409.48776
cog.000968	6.2691e-01	714	447.61374
cog.000969	5.4770e-01	1194	653.9538
cog.000970	6.0201e-01	774	465.95574
cog.000971	5.3249e-01	696	370.61304
cog.000972	5.3316e-01	966	515.03256
cog.000973	8.1963e-01	585	479.48355
cog.000974	3.6140e-01	1293	467.2902
cog.000975	1.1623e+00	810	941.463
cog.000976	4.2171e-01	462	194.83002
cog.000977	6.3292e-01	714	451.90488
cog.000978	4.7982e-01	942	451.99044
cog.000979	5.1534e-01	1005	517.9167
cog.000980	4.1897e-01	1512	633.48264
cog.000981	5.5858e-01	639	356.93262
cog.000982	1.1039e+00	1227	1354.4853
cog.000983	6.9676e-01	3561	2481.16236
cog.000984	4.4602e-01	1503	670.36806
cog.000985	1.1149e+00	369	411.3981
cog.000986	5.8649e-01	957	561.27093
cog.000987	6.9887e-01	903	631.07961
cog.000988	4.1655e-01	654	272.4237
cog.000989	5.5404e-01	522	289.20888
cog.000990	5.3303e-01	1239	660.42417
cog.000991	2.5947e-01	3660	949.6602
cog.000992	5.4715e-01	930	508.8495
cog.000993	2.5325e-01	1251	316.81575
cog.000994	5.4668e-01	552	301.76736
cog.000995	5.6800e-01	1338	759.984
cog.000996	6.5674e-01	480	315.2352
cog.000997	3.1718e-01	1347	427.24146
cog.000998	6.4644e-01	864	558.52416
cog.000999	1.6377e+00	609	997.3593
cog.001000	6.2670e-01	1362	853.5654
cog.001001	5.3132e-01	1122	596.14104
cog.001002	4.9043e-01	348	170.66964
cog.001003	9.8732e-01	756	746.41392
cog.001004	5.1631e-01	831	429.05361
cog.001005	1.0033e+00	774	776.5542
cog.001006	6.0172e-01	912	548.76864
cog.001007	1.0076e+00	1029	1036.8204
cog.001008	4.1751e-01	351	146.54601
cog.001009	6.4710e-01	228	147.5388
cog.001010	7.3588e-01	435	320.1078
cog.001011	1.0717e+00	738	790.9146
cog.001012	5.7209e-01	930	532.0437
cog.001013	5.3871e-01	507	273.12597
cog.001014	5.5179e-01	2376	1311.05304
cog.001015	7.3570e-01	585	430.3845
cog.001016	1.6501e-01	432	71.28432
cog.001017	5.2479e-01	576	302.27904
cog.001018	6.4848e-01	783	507.75984
cog.001019	5.1013e-01	267	136.20471
cog.001020	6.6086e-01	243	160.58898
cog.001021	5.2757e-01	360	189.9252
cog.001022	5.8918e-01	1686	993.35748
cog.001023	3.7247e-01	735	273.76545
cog.001024	2.8074e-01	588	165.07512
cog.001025	1.8541e-01	762	141.28242
cog.001026	7.7828e-01	522	406.26216
cog.001027	1.0622e+00	459	487.5498
cog.001028	1.0596e+00	498	527.6808
cog.001029	4.1500e-01	681	282.615
cog.001030	2.2685e-01	3615	820.06275
cog.001031	4.9588e-01	1002	496.87176
cog.001032	3.7233e-01	930	346.2669
cog.001033	4.1765e-01	570	238.0605
cog.001034	6.2153e-01	840	522.0852
cog.001035	7.7922e-01	678	528.31116
cog.001036	7.5360e-01	648	488.3328
cog.001037	7.4248e-01	438	325.20624
cog.001038	3.9889e-01	1215	484.65135
cog.001039	6.9550e-01	450	312.975
cog.001040	9.9456e-01	558	554.96448
cog.001041	4.3837e-01	423	185.43051
cog.001042	4.3178e-01	1626	702.07428
cog.001043	1.0667e+00	453	483.2151
cog.001044	9.1114e-01	387	352.61118
cog.001045	4.1843e-01	954	399.18222
cog.001046	5.0208e-01	810	406.6848
cog.001047	4.9347e-01	636	313.84692
cog.001048	6.4745e-01	1074	695.3613
cog.001049	5.7001e-01	630	359.1063
cog.001050	3.7429e-01	1314	491.81706
cog.001051	7.8886e-01	513	404.68518
cog.001052	8.1743e-01	1059	865.65837
cog.001053	8.0271e-01	990	794.6829
cog.001054	7.8260e-01	438	342.7788
cog.001055	5.2142e-01	681	355.08702
cog.001056	4.4787e-01	447	200.19789
cog.001057	5.6968e-01	702	399.91536
cog.001058	6.9267e-01	429	297.15543
cog.001059	4.4031e-01	630	277.3953
cog.001060	5.0340e-01	1377	693.1818
cog.001061	9.4584e-01	1032	976.10688
cog.001062	5.4101e-01	432	233.71632
cog.001063	3.7071e-01	297	110.10087
cog.001064	5.9628e-01	309	184.25052
cog.001065	9.5850e-02	306	29.3301
cog.001066	4.5913e-01	981	450.40653
cog.001067	6.3674e-01	834	531.04116
cog.001068	3.7962e-01	540	204.9948
cog.001069	6.1483e-01	735	451.90005
cog.001070	5.6029e-01	813	455.51577
cog.001071	8.1495e-01	144	117.3528
cog.001072	4.2104e-01	681	286.72824
cog.001073	2.8505e-01	381	108.60405
cog.001074	4.4359e-01	1329	589.53111
cog.001075	6.5754e-01	1389	913.32306
cog.001076	6.3839e-01	822	524.75658
cog.001077	3.5984e-01	372	133.86048
cog.001078	6.2459e-01	1023	638.95557
cog.001079	4.2681e-01	1305	556.98705
cog.001080	4.2930e-01	267	114.6231
cog.001081	2.7804e-01	1278	355.33512
cog.001082	5.7631e-01	825	475.45575
cog.001083	7.6978e-01	330	254.0274
cog.001084	5.1654e-01	1068	551.66472
cog.001085	7.3719e-01	564	415.77516
cog.001086	4.2115e-01	1014	427.0461
cog.001087	7.0833e-01	636	450.49788
cog.001088	6.4910e-01	495	321.3045
cog.001089	7.1381e-01	453	323.35593
cog.001090	4.4902e-01	534	239.77668
cog.001091	6.6960e-01	537	359.5752
cog.001092	4.3684e-01	351	153.33084
cog.001093	6.5090e-01	450	292.905
cog.001094	5.6224e-01	270	151.8048
cog.001095	6.3454e-01	756	479.71224
cog.001096	3.2958e-01	1098	361.87884
cog.001097	6.3076e-01	981	618.77556
cog.001098	8.3400e-01	672	560.448
cog.001099	6.0141e-01	894	537.66054
cog.001100	4.1993e-01	1230	516.5139
cog.001101	4.9334e-01	1071	528.36714
cog.001102	3.3516e-01	333	111.60828
cog.001103	7.3681e-01	588	433.24428
cog.001104	5.5735e-01	312	173.8932
cog.001105	5.1244e-01	1158	593.40552
cog.001106	6.7434e-01	771	519.91614
cog.001107	5.3949e-01	867	467.73783
cog.001108	5.6048e-01	489	274.07472
cog.001109	4.6181e-01	342	157.93902
cog.001110	5.4870e-01	2337	1282.3119
cog.001111	1.9556e-01	705	137.8698
cog.001112	6.4880e-01	975	632.58
cog.001113	5.4707e-01	801	438.20307
cog.001114	5.7042e-01	669	381.61098
cog.001115	4.3927e-01	2151	944.86977
cog.001116	5.1111e-01	1254	640.93194
cog.001117	2.6176e-01	1122	293.69472
cog.001118	4.8248e-01	1116	538.44768
cog.001119	5.7911e-01	597	345.72867
cog.001120	6.2643e-01	1062	665.26866
cog.001121	6.6686e-01	564	376.10904
cog.001122	2.9589e-01	306	90.54234
cog.001123	4.9185e-01	1305	641.86425
cog.001124	5.4082e-01	1095	592.1979
cog.001125	6.8176e-01	648	441.78048
cog.001126	1.1384e+00	453	515.6952
cog.001127	4.9151e-01	969	476.27319
cog.001128	4.4228e-01	531	234.85068
cog.001129	4.8272e-01	1182	570.57504
cog.001130	5.7684e-01	408	235.35072
cog.001131	9.5958e-01	519	498.02202
cog.001132	1.1032e-01	633	69.83256
cog.001133	6.7981e-01	495	336.50595
cog.001134	6.2605e-01	1266	792.5793
cog.001135	5.9466e-01	786	467.40276
cog.001136	4.8071e-01	687	330.24777
cog.001137	4.7853e-01	597	285.68241
cog.001138	5.3098e-01	381	202.30338
cog.001139	5.7764e-01	522	301.52808
cog.001140	4.6561e-01	726	338.03286
cog.001141	5.4070e-01	549	296.8443
cog.001142	3.9021e-01	873	340.65333
cog.001143	1.7691e-01	837	148.07367
cog.001144	4.9496e-01	1083	536.04168
cog.001145	7.2897e-01	318	231.81246
cog.001146	2.9059e-01	363	105.48417
cog.001147	5.2728e-01	750	395.46
cog.001148	7.6872e-01	1158	890.17776
cog.001149	5.5791e-01	798	445.21218
cog.001150	5.2743e-01	723	381.33189
cog.001151	4.5017e-01	2025	911.59425
cog.001152	3.1155e-01	294	91.5957
cog.001153	5.5668e-01	357	198.73476
cog.001154	2.4990e-01	282	70.4718
cog.001155	4.6959e-01	513	240.89967
cog.001156	4.0057e-01	1371	549.18147
cog.001157	6.7179e-01	342	229.75218
cog.001158	3.9391e-01	1164	458.51124
cog.001159	5.4410e-01	744	404.8104
cog.001160	9.0239e-01	630	568.5057
cog.001161	1.2431e-01	252	31.32612
cog.001162	6.1550e-01	828	509.634
cog.001163	4.6087e-01	519	239.19153
cog.001164	5.5646e-01	1272	707.81712
cog.001165	3.2251e-01	2133	687.91383
cog.001166	7.9811e-01	573	457.31703
cog.001167	4.0258e-01	291	117.15078
cog.001168	6.4871e-01	309	200.45139
cog.001169	5.1866e-01	1722	893.13252
cog.001170	4.1351e-01	828	342.38628
cog.001171	6.9817e-01	855	596.93535
cog.001172	4.9011e-01	360	176.4396
cog.001173	6.3649e-01	471	299.78679
cog.001174	5.8126e-01	597	347.01222
cog.001175	7.5072e-01	963	722.94336
cog.001176	6.1389e-01	549	337.02561
cog.001177	4.8982e-01	2157	1056.54174
cog.001178	6.7131e-01	177	118.82187
cog.001179	3.5009e-01	1077	377.04693
cog.001180	3.5009e-01	432	151.23888
cog.001181	6.1703e-01	951	586.79553
cog.001182	7.4924e-01	234	175.32216
cog.001183	5.8628e-01	465	272.6202
cog.001184	3.4719e-01	1944	674.93736
cog.001185	9.4036e-01	831	781.43916
cog.001186	4.1856e-01	345	144.4032
cog.001187	2.3693e-01	1431	339.04683
cog.001188	6.2393e-01	495	308.84535
cog.001189	5.6963e-01	267	152.09121
cog.001190	8.5913e-01	324	278.35812
cog.001191	4.7073e-01	1566	737.16318
cog.001192	5.8939e-01	984	579.95976
cog.001193	5.6035e-01	1554	870.7839
cog.001194	4.7847e-01	672	321.53184
cog.001195	5.9518e-01	654	389.24772
cog.001196	4.8351e-01	2244	1084.99644
cog.001197	6.8692e-01	582	399.78744
cog.001198	6.3007e-01	534	336.45738
cog.001199	5.6194e-01	1122	630.49668
cog.001200	5.5389e-01	735	407.10915
cog.001201	4.6409e-01	1965	911.93685
cog.001202	1.0635e+00	1140	1212.39
cog.001203	4.9591e-01	1164	577.23924
cog.001204	5.1977e-01	2049	1065.00873
cog.001205	1.0236e+00	645	660.222
cog.001206	1.6488e-01	273	45.01224
cog.001207	6.1965e-01	597	369.93105
cog.001208	4.2812e-01	1392	595.94304
cog.001209	3.4152e-01	963	328.88376
cog.001210	4.7093e-01	435	204.85455
cog.001211	8.5478e-01	732	625.69896
cog.001212	1.4961e-01	570	85.2777
cog.001213	3.5430e-01	1614	571.8402
cog.001214	4.4169e-01	681	300.79089
cog.001215	6.1437e-01	873	536.34501
cog.001216	5.5849e-01	798	445.67502
cog.001217	7.0133e-01	783	549.14139
cog.001218	6.7464e-01	597	402.76008
cog.001219	5.4522e-01	771	420.36462
cog.001220	6.4848e-01	753	488.30544
cog.001221	6.4292e-01	840	540.0528
cog.001222	5.0737e-01	846	429.23502
cog.001223	5.2559e-01	666	350.04294
cog.001224	7.2839e-01	756	550.66284
cog.001225	4.9596e-01	1335	662.1066
cog.001226	5.8668e-01	1020	598.4136
cog.001227	4.9768e-01	486	241.87248
cog.001228	4.8389e-01	723	349.85247
cog.001229	4.4951e-01	186	83.60886
cog.001230	4.7263e-01	189	89.32707
cog.001231	5.3171e-01	477	253.62567
cog.001232	7.5648e-01	864	653.59872
cog.001233	6.5481e-01	846	553.96926
cog.001234	5.2296e-01	363	189.83448
cog.001235	4.1371e-01	513	212.23323
cog.001236	8.1086e-01	849	688.42014
cog.001237	5.0091e-01	840	420.7644
cog.001238	4.0401e-01	432	174.53232
cog.001239	6.2804e-01	972	610.45488
cog.001240	7.3023e-01	555	405.27765
cog.001241	9.3646e-01	618	578.73228
cog.001242	4.8842e-01	1167	569.98614
cog.001243	5.6508e-01	870	491.6196
cog.001244	5.0401e-01	2175	1096.22175
cog.001245	2.9182e-01	1869	545.41158
cog.001246	5.1037e-01	429	218.94873
cog.001247	7.3928e-01	591	436.91448
cog.001248	4.5642e-01	477	217.71234
cog.001249	6.7801e-01	366	248.15166
cog.001250	6.1896e-01	474	293.38704
cog.001251	5.1986e-01	942	489.70812
cog.001252	7.7091e-01	1191	918.15381
cog.001253	8.2653e-01	741	612.45873
cog.001254	5.2658e-01	918	483.40044
cog.001255	6.8772e-01	1578	1085.22216
cog.001256	6.5210e-01	192	125.2032
cog.001257	4.5526e-01	1332	606.40632
cog.001258	3.0117e-01	2247	676.72899
cog.001259	6.0532e-01	537	325.05684
cog.001260	6.1159e-01	582	355.94538
cog.001261	3.9773e-01	585	232.67205
cog.001262	5.4389e-01	1167	634.71963
cog.001263	8.4140e-01	270	227.178
cog.001264	4.6418e-01	1248	579.29664
cog.001265	2.2715e-01	318	72.2337
cog.001266	1.1473e-01	1317	151.09941
cog.001267	6.0500e-01	438	264.99
cog.001268	8.7621e-01	762	667.67202
cog.001269	5.2941e-01	1707	903.70287
cog.001270	3.9224e-01	1452	569.53248
cog.001271	1.0715e+00	933	999.7095
cog.001272	5.2286e-01	444	232.14984
cog.001273	7.5256e-01	159	119.65704
cog.001274	3.3544e-01	348	116.73312
cog.001275	5.9074e-01	726	428.87724
cog.001276	8.5303e-01	1263	1077.37689
cog.001277	3.9091e-01	630	246.2733
cog.001278	6.3916e-01	579	370.07364
cog.001279	5.5306e-01	600	331.836
cog.001280	7.3109e-01	390	285.1251
cog.001281	5.5420e-01	195	108.069
cog.001282	5.6816e-01	918	521.57088
cog.001283	8.6144e-01	450	387.648
cog.001284	9.1939e-01	621	570.94119
cog.001285	4.7901e-01	510	244.2951
cog.001286	7.9938e-01	648	517.99824
cog.001287	7.1704e-01	228	163.48512
cog.001288	5.8593e-01	1107	648.62451
cog.001289	5.1491e-01	1098	565.37118
cog.001290	4.7324e-01	309	146.23116
cog.001291	3.9517e-01	1248	493.17216
cog.001292	6.0569e-01	702	425.19438
cog.001293	2.5952e-01	228	59.17056
cog.001294	3.4323e-01	1167	400.54941
cog.001295	5.4633e-01	1143	624.45519
cog.001296	6.8393e-01	840	574.5012
cog.001297	7.3414e-01	720	528.5808
cog.001298	6.4458e-01	336	216.57888
cog.001299	8.1767e-01	423	345.87441
cog.001300	3.6543e-01	1437	525.12291
cog.001301	7.0244e-01	726	509.97144
cog.001302	4.9861e-01	1341	668.63601
cog.001303	5.2349e-01	1020	533.9598
cog.001304	6.1770e-01	1113	687.5001
cog.001305	3.4667e-01	1506	522.08502
cog.001306	5.7152e-01	909	519.51168
cog.001307	2.4365e-01	1086	264.6039
cog.001308	3.9623e-01	642	254.37966
cog.001309	4.4166e-01	315	139.1229
cog.001310	4.5963e-01	1830	841.1229
cog.001311	5.2960e-01	561	297.1056
cog.001312	4.1855e-01	1197	501.00435
cog.001313	5.2532e-01	579	304.16028
cog.001314	5.6936e-01	882	502.17552
cog.001315	6.1236e-01	957	586.02852
cog.001316	2.5539e-01	732	186.94548
cog.001317	3.6804e-01	729	268.30116
cog.001318	3.8491e-01	924	355.65684
cog.001319	6.7347e-01	615	414.18405
cog.001320	6.7416e-01	1065	717.9804
cog.001321	5.4762e-01	960	525.7152
cog.001322	4.5998e-01	894	411.22212
cog.001323	6.4955e-01	888	576.8004
cog.001324	3.9474e-01	1188	468.95112
cog.001325	5.8534e-01	558	326.61972
cog.001326	3.7395e-01	1527	571.02165
cog.001327	4.9229e-01	1830	900.8907
cog.001328	3.8808e-01	1149	445.90392
cog.001329	7.2692e-01	1356	985.70352
cog.001330	6.4502e-01	1230	793.3746
cog.001331	4.5523e-01	651	296.35473
cog.001332	6.0757e-01	426	258.82482
cog.001333	7.2712e-01	411	298.84632
cog.001334	5.1625e-01	264	136.29
cog.001335	4.5459e-01	570	259.1163
cog.001336	5.1701e-01	771	398.61471
cog.001337	5.1982e-01	1347	700.19754
cog.001338	5.0105e-01	444	222.4662
cog.001339	4.3969e-01	756	332.40564
cog.001340	5.2820e-02	183	9.66606
cog.001341	4.6265e-01	606	280.3659
cog.001342	1.6298e-01	1119	182.37462
cog.001343	5.0495e-01	372	187.8414
cog.001344	5.5991e-01	1212	678.61092
cog.001345	8.6586e-01	1182	1023.44652
cog.001346	5.3248e-01	747	397.76256
cog.001347	6.0806e-01	693	421.38558
cog.001348	6.5119e-01	492	320.38548
cog.001349	7.2268e-01	858	620.05944
cog.001350	7.8821e-01	408	321.58968
cog.001351	5.1545e-01	702	361.8459
cog.001352	5.4459e-01	1701	926.34759
cog.001353	5.7068e-01	447	255.09396
cog.001354	5.1072e-01	1260	643.5072
cog.001355	7.2230e-01	549	396.5427
cog.001356	9.5897e-01	1170	1121.9949
cog.001357	8.5660e-01	468	400.8888
cog.001358	5.1814e-01	318	164.76852
cog.001359	7.5158e-01	915	687.6957
cog.001360	4.3887e-01	819	359.43453
cog.001361	6.3678e-01	213	135.63414
cog.001362	4.3408e-01	1356	588.61248
cog.001363	5.7347e-01	759	435.26373
cog.001364	9.3997e-01	528	496.30416
cog.001365	6.3240e-01	1803	1140.2172
cog.001366	4.4854e-01	585	262.3959
cog.001367	5.6263e-01	582	327.45066
cog.001368	4.1010e-01	1404	575.7804
cog.001369	8.2708e-01	1584	1310.09472
cog.001370	1.5452e-01	360	55.6272
cog.001371	3.4417e-01	477	164.16909
cog.001372	6.5628e-01	903	592.62084
cog.001373	4.1683e-01	333	138.80439
cog.001374	5.3401e-01	645	344.43645
cog.001375	8.6952e-01	1395	1212.9804
cog.001376	5.2416e-01	120	62.8992
cog.001377	6.0217e-01	933	561.82461
cog.001378	4.3055e-01	339	145.95645
cog.001379	5.3520e-01	1329	711.2808
cog.001380	4.7919e-01	900	431.271
cog.001381	3.7823e-01	1182	447.06786
cog.001382	3.7604e-01	1551	583.23804
cog.001383	4.7888e-01	858	410.87904
cog.001384	1.0162e+00	1515	1539.543
cog.001385	5.2483e-01	504	264.51432
cog.001386	7.0516e-01	828	583.87248
cog.001387	4.7288e-01	843	398.63784
cog.001388	5.3235e-01	609	324.20115
cog.001389	5.5998e-01	615	344.3877
cog.001390	5.1730e-01	540	279.342
cog.001391	4.1506e-01	927	384.76062
cog.001392	4.5495e-01	561	255.22695
cog.001393	4.5005e-01	558	251.1279
cog.001394	5.9733e-01	897	535.80501
cog.001395	6.3203e-01	609	384.90627
cog.001396	8.3118e-01	846	703.17828
cog.001397	8.0224e-01	327	262.33248
cog.001398	6.3790e-01	381	243.0399
cog.001399	7.0002e-01	303	212.10606
cog.001400	8.0881e-01	927	749.76687
cog.001401	5.2999e-01	2025	1073.22975
cog.001402	5.4291e-01	1014	550.51074
cog.001403	5.2926e-01	618	327.08268
cog.001404	2.2743e-01	1476	335.68668
cog.001405	5.1363e-01	1104	567.04752
cog.001406	5.1751e-01	789	408.31539
cog.001407	2.3792e-01	237	56.38704
cog.001408	8.7377e-01	702	613.38654
cog.001409	4.8514e-01	663	321.64782
cog.001410	4.7997e-01	714	342.69858
cog.001411	6.0749e-01	771	468.37479
cog.001412	4.8040e-01	1089	523.1556
cog.001413	6.9966e-01	336	235.08576
cog.001414	4.8243e-01	414	199.72602
cog.001415	6.9974e-01	633	442.93542
cog.001416	6.2207e-01	714	444.15798
cog.001417	5.9434e-01	1776	1055.54784
cog.001418	9.2720e-01	849	787.1928
cog.001419	7.0211e-01	738	518.15718
cog.001420	2.2302e-01	1275	284.3505
cog.001421	5.2837e-01	306	161.68122
cog.001422	5.3626e-01	447	239.70822
cog.001423	6.5207e-01	753	491.00871
cog.001424	4.2634e-01	1020	434.8668
cog.001425	4.8315e-01	1371	662.39865
cog.001426	4.7181e-01	1047	493.98507
cog.001427	7.2783e-01	630	458.5329
cog.001428	2.5714e-01	450	115.713
cog.001429	5.7629e-01	1005	579.17145
cog.001430	6.6150e-01	291	192.4965
cog.001431	3.3031e-01	540	178.3674
cog.001432	4.6076e-01	888	409.15488
cog.001433	8.5686e-01	984	843.15024
cog.001434	6.3587e-01	528	335.73936
cog.001435	4.4705e-01	1293	578.03565
cog.001436	3.3285e-01	1257	418.39245
cog.001437	5.4563e-01	1218	664.57734
cog.001438	1.0988e+00	360	395.568
cog.001439	3.8188e-01	2010	767.5788
cog.001440	5.2178e-01	558	291.15324
cog.001441	4.7044e-01	2226	1047.19944
cog.001442	2.7344e-01	792	216.56448
cog.001443	4.0775e-01	720	293.58
cog.001444	5.8970e-01	402	237.0594
cog.001445	4.1789e-01	1815	758.47035
cog.001446	4.6385e-01	843	391.02555
cog.001447	5.2210e-01	648	338.3208
cog.001448	5.7126e-01	654	373.60404
cog.001449	3.6110e-01	549	198.2439
cog.001450	5.2766e-01	660	348.2556
cog.001451	8.9600e-02	120	10.752
cog.001452	5.1550e-02	174	8.9697
cog.001453	4.6035e-01	393	180.91755
cog.001454	1.3518e-01	294	39.74292
cog.001455	1.2646e-01	306	38.69676
cog.001456	5.3475e-01	915	489.29625
cog.001457	6.1026e-01	522	318.55572
cog.001458	5.6323e-01	351	197.69373
cog.001459	5.1253e-01	504	258.31512
cog.001460	1.1141e-01	354	39.43914
cog.001461	5.2040e-01	882	458.9928
cog.001462	7.0123e-01	582	408.11586
cog.001463	3.7694e-01	570	214.8558
cog.001464	7.4967e-01	348	260.88516
cog.001465	6.4349e-01	555	357.13695
cog.001466	5.8755e-01	447	262.63485
cog.001467	5.0316e-01	357	179.62812
cog.001468	8.1590e-02	264	21.53976
cog.001469	5.4242e-01	177	96.00834
cog.001470	5.6903e-01	399	227.04297
cog.001471	3.9141e-01	507	198.44487
cog.001472	5.4803e-01	375	205.51125
cog.001473	2.1009e-01	909	190.97181
cog.001474	4.3554e-01	1170	509.5818
cog.001475	5.3638e-01	768	411.93984
cog.001476	4.8855e-01	699	341.49645
cog.001477	3.2882e-01	504	165.72528
cog.001478	5.7375e-01	324	185.895
cog.001479	2.9160e-01	408	118.9728
cog.001480	6.4090e-01	1101	705.6309
cog.001481	4.1500e-01	564	234.06
cog.001482	1.3142e-01	798	104.87316
cog.001483	2.6008e-01	618	160.72944
cog.001484	5.6920e-01	174	99.0408
cog.001485	6.4600e-02	273	17.6358
cog.001486	4.4275e-01	807	357.29925
cog.001487	4.5471e-01	249	113.22279
cog.001488	5.0437e-01	309	155.85033
cog.001489	4.3885e-01	372	163.2522
cog.001490	1.3435e-01	900	120.915
cog.001491	5.4353e-01	456	247.84968
cog.001492	5.5160e-01	540	297.864
cog.001493	4.3961e-01	474	208.37514
cog.001494	6.8708e-01	744	511.18752
cog.001495	1.8698e-01	174	32.53452
cog.001496	6.1345e-01	273	167.47185
cog.001497	5.7872e-01	1317	762.17424
cog.001498	2.0508e-01	246	50.44968
cog.001499	5.2207e-01	795	415.04565
cog.001500	4.8570e-02	273	13.25961
cog.001501	8.0070e-01	528	422.7696
cog.001502	1.6397e-01	621	101.82537
cog.001503	4.9903e-01	426	212.58678
cog.001504	9.6550e-02	396	38.2338
cog.001505	2.2744e-01	1620	368.4528
cog.001506	4.6880e-02	1185	55.5528
cog.001507	1.7142e-01	1755	300.8421
cog.001508	4.4593e-01	1503	670.23279
cog.001509	1.3889e-01	507	70.41723
cog.001510	2.7288e-01	441	120.34008
cog.001511	4.6564e-01	498	231.88872
cog.001512	4.5476e-01	231	105.04956
cog.001513	4.8523e-01	792	384.30216
cog.001514	5.4350e-01	651	353.8185
cog.001515	7.6255e-01	411	313.40805
cog.001516	5.8988e-01	345	203.5086
cog.001517	6.0196e-01	1107	666.36972
cog.001518	1.3169e-01	975	128.39775
cog.001519	2.9843e-01	726	216.66018
cog.001520	1.3827e-01	414	57.24378
cog.001521	6.7090e-01	465	311.9685
cog.001522	4.8317e-01	312	150.74904
cog.001523	8.9593e-01	423	378.97839
cog.001524	1.0280e+00	357	366.996
cog.001525	1.1920e+00	264	314.688
cog.001526	1.9334e-01	267	51.62178
cog.001527	2.4403e-01	2616	638.38248
cog.001528	2.6787e-01	219	58.66353
cog.001529	1.6976e-01	948	160.93248
cog.001530	5.1783e-01	480	248.5584
cog.001531	1.6505e-01	195	32.18475
cog.001532	3.6200e-01	216	78.192
cog.001533	2.4680e-01	363	89.5884
cog.001534	6.0390e-01	189	114.1371
cog.001535	5.0685e-01	573	290.42505
cog.001536	4.9324e-01	564	278.18736
cog.001537	7.3862e-01	189	139.59918
cog.001538	3.8948e-01	1332	518.78736
cog.001539	4.0714e-01	498	202.75572
cog.001540	3.9227e-01	360	141.2172
cog.001541	4.5787e-01	282	129.11934
cog.001542	3.8780e-01	204	79.1112
cog.001543	5.7080e-01	120	68.496
cog.001544	4.7574e-01	471	224.07354
cog.001545	4.8547e-01	369	179.13843
cog.001546	2.2052e-01	1212	267.27024
cog.001547	5.4624e-01	888	485.06112
cog.001548	9.9550e-02	432	43.0056
cog.001549	3.6372e-01	627	228.05244
cog.001550	2.3809e-01	882	209.99538
cog.001551	5.1985e-01	510	265.1235
cog.001552	3.0794e-01	558	171.83052
cog.001553	4.0916e-01	957	391.56612
cog.001554	4.2917e-01	849	364.36533
cog.001555	2.9463e-01	324	95.46012
cog.001556	2.1656e-01	564	122.13984
cog.001557	6.0135e-01	840	505.134
cog.001558	6.8533e-01	204	139.80732
cog.001559	1.6325e-01	591	96.48075
cog.001560	3.8271e-01	1041	398.40111
cog.001561	3.4613e-01	273	94.49349
cog.001562	4.5793e-01	1137	520.66641
cog.001563	8.3315e-01	345	287.43675
cog.001564	8.5709e-01	369	316.26621
cog.001565	1.9548e-01	507	99.10836
cog.001566	3.9455e-01	210	82.8555
cog.001567	3.5713e-01	168	59.99784
cog.001568	4.9141e-01	636	312.53676
cog.001569	5.3956e-01	204	110.07024
cog.001570	7.0261e-01	369	259.26309
cog.001571	2.7030e-01	411	111.0933
cog.001572	4.7891e-01	819	392.22729
cog.001573	4.4903e-01	429	192.63387
cog.001574	5.5672e-01	957	532.78104
cog.001575	3.0736e-01	237	72.84432
cog.001576	3.3395e-01	174	58.1073
cog.001577	3.4387e-01	486	167.12082
cog.001578	5.1863e-01	312	161.81256
cog.001579	3.9879e-01	420	167.4918
cog.001580	3.9130e-01	261	102.1293
cog.001581	5.3808e-01	366	196.93728
cog.001582	8.9500e-02	501	44.8395
cog.001583	1.6878e-01	360	60.7608
cog.001584	4.5932e-01	378	173.62296
cog.001585	3.5174e-01	183	64.36842
cog.001586	5.7065e-01	627	357.79755
cog.001587	5.2827e-01	330	174.3291
cog.001588	4.0350e-01	531	214.2585
cog.001589	2.7139e-01	1302	353.34978
cog.001590	4.6773e-01	438	204.86574
cog.001591	4.2577e-01	174	74.08398
cog.001592	1.0980e-01	138	15.1524
cog.001593	2.0347e-01	219	44.55993
cog.001594	6.9569e-01	219	152.35611
cog.001595	3.4288e-01	1284	440.25792
cog.001596	3.9463e-01	1581	623.91003
cog.001597	2.2755e-01	621	141.30855
cog.001598	9.4420e-02	363	34.27446
cog.001599	5.1373e-01	810	416.1213
cog.001600	5.1397e-01	804	413.23188
cog.001601	5.1490e-01	762	392.3538
cog.001602	4.1808e-01	246	102.84768
cog.001603	9.4010e-02	324	30.45924
cog.001604	2.1361e-01	2100	448.581
cog.001605	4.4059e-01	549	241.88391
cog.001606	1.6679e-01	1554	259.19166
cog.001607	4.9937e-01	675	337.07475
cog.001608	1.8911e-01	222	41.98242
cog.001609	5.0654e-01	834	422.45436
cog.001610	4.1615e-01	408	169.7892
cog.001611	2.0962e-01	516	108.16392
cog.001612	4.9229e-01	933	459.30657
cog.001613	4.6804e-01	270	126.3708
cog.001614	1.7662e-01	1434	253.27308
cog.001615	1.2099e-01	381	46.09719
cog.001616	1.6378e-01	228	37.34184
cog.001617	5.6043e-01	207	116.00901
cog.001618	5.1843e-01	318	164.86074
cog.001619	4.1853e-01	912	381.69936
cog.001620	3.6162e-01	552	199.61424
cog.001621	2.8178e-01	537	151.31586
cog.001622	1.4702e-01	183	26.90466
cog.001623	6.3594e-01	180	114.4692
cog.001624	4.0922e-01	828	338.83416
cog.001625	5.7824e-01	282	163.06368
cog.001626	4.7074e-01	882	415.19268
cog.001627	5.6289e-01	879	494.78031
cog.001628	4.6216e-01	354	163.60464
cog.001629	4.2916e-01	342	146.77272
cog.001630	2.9052e-01	327	95.00004
cog.001631	4.4524e-01	597	265.80828
cog.001632	4.2400e-01	384	162.816
cog.001633	4.2994e-01	690	296.6586
cog.001634	4.3409e-01	2004	869.91636
cog.001635	4.9311e-01	747	368.35317
cog.001636	8.6857e-01	219	190.21683
cog.001637	7.1129e-01	939	667.90131
cog.001638	3.3615e-01	408	137.1492
cog.001639	4.0092e-01	450	180.414
cog.001640	3.5957e-01	717	257.81169
cog.001641	4.2199e-01	564	238.00236
cog.001642	4.7932e-01	330	158.1756
cog.001643	4.5424e-01	873	396.55152
cog.001644	6.5627e-01	468	307.13436
cog.001645	1.3784e-01	663	91.38792
cog.001646	2.8157e-01	465	130.93005
cog.001647	5.2973e-01	819	433.84887
cog.001648	3.4948e-01	681	237.99588
cog.001649	3.8472e-01	309	118.87848
cog.001650	4.0520e-01	465	188.418
cog.001651	4.0418e-01	546	220.68228
cog.001652	4.7194e-01	312	147.24528
cog.001653	3.8920e-01	315	122.598
cog.001654	6.9296e-01	477	330.54192
cog.001655	4.1945e-01	489	205.11105
cog.001656	2.9067e-01	1608	467.39736
cog.001657	4.2318e-01	243	102.83274
cog.001658	3.0579e-01	216	66.05064
cog.001659	5.2933e-01	771	408.11343
cog.001660	1.0076e-01	390	39.2964
cog.001661	7.4150e-02	291	21.57765
cog.001662	2.6082e-01	216	56.33712
cog.001663	6.4710e-02	609	39.40839
cog.001664	9.1590e-02	387	35.44533
cog.001665	1.8092e-01	285	51.5622
cog.001666	2.5210e-02	156	3.93276
cog.001667	4.3290e-02	411	17.79219
cog.001668	3.3906e-01	219	74.25414
cog.001669	1.4782e-01	468	69.17976
cog.001670	3.5918e-01	531	190.72458
cog.001671	4.9820e-02	423	21.07386
cog.001672	2.9670e-02	189	5.60763
cog.001673	2.5104e-01	360	90.3744
cog.001674	2.1734e-01	168	36.51312
cog.001675	8.1420e-02	354	28.82268
cog.001676	1.7139e-01	147	25.19433
cog.001677	9.4170e-02	237	22.31829
cog.001678	2.6813e-01	183	49.06779
cog.001679	2.1752e-01	228	49.59456
cog.001680	1.5821e-01	252	39.86892
cog.001681	9.6690e-02	366	35.38854
cog.001682	6.0320e-02	210	12.6672
cog.001683	9.0690e-02	132	11.97108
cog.001684	6.2470e-02	192	11.99424
cog.001685	8.3850e-02	306	25.6581
cog.001686	5.2240e-02	117	6.11208
cog.001687	5.2960e-02	183	9.69168
cog.001688	1.7280e-02	516	8.91648
cog.001689	8.5630e-02	234	20.03742
cog.001690	3.4003e-01	1617	549.82851
cog.001691	6.1136e-01	1650	1008.744
cog.001692	5.7370e-02	927	53.18199
cog.001693	1.6540e-02	987	16.32498
cog.001694	5.5320e-01	843	466.3476
cog.001695	5.9539e-01	993	591.22227
cog.001696	6.1327e-01	1434	879.42918
cog.001697	4.6770e-01	1791	837.6507
cog.001698	3.9006e+00	2049	7992.3294
cog.001699	2.2621e+00	2124	4804.7004
cog.001700	1.2704e+00	753	956.6112
cog.001701	5.3592e-01	1170	627.0264
cog.001702	7.7193e-01	612	472.42116
cog.001703	5.4322e-01	879	477.49038
cog.001704	1.0527e-01	1269	133.58763
cog.001705	3.9072e-01	648	253.18656
cog.001706	4.4090e-01	837	369.0333
cog.001707	5.0903e-01	1380	702.4614
cog.001708	1.4609e+00	1383	2020.4247
cog.001709	6.3232e-01	1326	838.45632
cog.001710	4.8488e-01	924	448.02912
cog.001711	8.6048e-01	852	733.12896
cog.001712	1.5999e+00	1239	1982.2761
cog.001713	4.1536e-01	894	371.33184
cog.001714	5.0629e-01	888	449.58552
cog.001715	4.8151e-01	1413	680.37363
cog.001716	5.6882e-01	1233	701.35506
cog.001717	7.6632e-01	765	586.2348
cog.001718	3.8904e-01	2397	932.52888
cog.001719	7.9583e-01	981	780.70923
cog.001720	6.4989e-01	1113	723.32757
cog.001721	8.3969e-01	1266	1063.04754
cog.001722	1.8605e-01	1131	210.42255
cog.001723	6.2128e-01	1392	864.82176
cog.001724	6.0453e-01	1323	799.79319
cog.001725	7.4989e-01	717	537.67113
cog.001726	8.0413e-01	711	571.73643
cog.001727	5.3382e-01	1989	1061.76798
cog.001728	1.6689e-01	189	31.54221
cog.001729	9.1129e-01	2238	2039.46702
cog.001730	9.0571e-01	8940	8097.0474
cog.001731	4.3491e-01	888	386.20008
cog.001732	2.6849e-01	1359	364.87791
cog.001733	8.9580e-02	876	78.47208
cog.001734	6.3011e-01	192	120.98112
cog.001735	6.0030e-01	1047	628.5141
cog.001736	3.5309e-01	432	152.53488
cog.001737	7.6040e-02	273	20.75892
cog.001738	3.1926e-01	969	309.36294
cog.001739	4.3721e-01	1284	561.37764
cog.001740	9.4348e-01	1212	1143.49776
cog.001741	6.6022e-01	1086	716.99892
cog.001742	2.7695e-01	600	166.17
cog.001743	8.4107e-01	678	570.24546
cog.001744	2.5541e-01	123	31.41543
cog.001745	5.4009e-01	426	230.07834
cog.001746	6.5742e-01	1299	853.98858
cog.001747	8.5729e-01	1284	1100.76036
cog.001748	7.0698e-01	1380	975.6324
cog.001749	6.1869e-01	1674	1035.68706
cog.001750	1.0578e+00	2004	2119.8312
cog.001751	9.0976e-01	705	641.3808
cog.001752	6.1376e-01	735	451.1136
cog.001753	1.4682e+00	957	1405.0674
cog.001754	1.7103e+00	963	1647.0189
cog.001755	9.2448e-01	942	870.86016
cog.001756	4.3543e-01	1305	568.23615
cog.001757	4.3121e-01	2145	924.94545
cog.001758	4.5838e-01	1344	616.06272
cog.001759	5.8701e-01	1416	831.20616
cog.001760	1.0925e+00	426	465.405
cog.001761	7.5775e-01	693	525.12075
cog.001762	1.2232e+00	486	594.4752
cog.001763	9.8569e-01	186	183.33834
cog.001764	4.6495e-01	1155	537.01725
cog.001765	3.8060e-01	768	292.3008
cog.001766	5.8129e-01	243	141.25347
cog.001767	5.7150e-01	366	209.169
cog.001768	6.0156e-01	459	276.11604
cog.001769	4.4766e-01	1839	823.24674
cog.001770	6.1612e-01	1299	800.33988
cog.001771	5.9970e-01	1950	1169.415
cog.001772	7.4979e-01	819	614.07801
cog.001773	4.5942e-01	480	220.5216
cog.001774	7.5678e-01	495	374.6061
cog.001775	5.6201e-01	1074	603.59874
cog.001776	2.4410e-02	162	3.95442
cog.001777	4.2205e-01	1629	687.51945
cog.001778	2.8018e-01	1638	458.93484
cog.001779	3.2300e-03	966	3.12018
cog.001780	6.1559e-01	861	530.02299
cog.001781	4.1133e-01	942	387.47286
cog.001782	2.8209e-01	1476	416.36484
cog.001783	4.0423e-01	1785	721.55055
cog.001784	5.6355e-01	1056	595.1088
cog.001785	4.0812e-01	1035	422.4042
cog.001786	1.0677e+00	789	842.4153
cog.001787	2.9457e-01	1416	417.11112
cog.001788	3.1859e-01	984	313.49256
cog.001789	2.8010e-01	1173	328.5573
cog.001790	6.1933e-01	1398	865.82334
cog.001791	9.6528e-01	798	770.29344
cog.001792	2.8622e-01	1383	395.84226
cog.001793	3.2834e-01	1320	433.4088
cog.001794	3.8047e-01	1509	574.12923
cog.001795	3.0873e-01	2316	715.01868
cog.001796	7.1732e-01	2613	1874.35716
cog.001797	2.4866e-01	1386	344.64276
cog.001798	3.4222e-01	849	290.54478
cog.001799	2.3113e-01	1323	305.78499
cog.001800	3.5471e-01	1647	584.20737
cog.001801	4.6801e-01	660	308.8866
cog.001802	5.1869e-01	639	331.44291
cog.001803	3.5809e-01	630	225.5967
cog.001804	5.2205e-01	747	389.97135
cog.001805	3.0622e-01	690	211.2918
cog.001806	3.9624e-01	723	286.48152
cog.001807	2.6748e-01	1293	345.85164
cog.001808	1.0672e+00	822	877.2384
cog.001809	2.6361e-01	1809	476.87049
cog.001810	4.6421e-01	1371	636.43191
cog.001811	1.2062e+00	1215	1465.533
cog.001812	5.0529e-01	1116	563.90364
cog.001813	4.6423e-01	840	389.9532
cog.001814	4.3396e-01	1284	557.20464
cog.001815	4.9664e-01	948	470.81472
cog.001816	4.5851e-01	876	401.65476
cog.001817	4.3908e-01	3222	1414.71576
cog.001818	3.6872e-01	1767	651.52824
cog.001819	4.6870e-01	1401	656.6487
cog.001820	6.5634e-01	861	565.10874
cog.001821	5.0400e-01	1401	706.104
cog.001822	7.9356e-01	1989	1578.39084
cog.001823	5.9780e-01	1647	984.5766
cog.001824	1.5247e-01	591	90.10977
cog.001825	4.2563e-01	2163	920.63769
cog.001826	3.4620e-01	2166	749.8692
cog.001827	4.2514e-01	903	383.90142
cog.001828	7.2466e-01	558	404.36028
cog.001829	1.6825e-01	318	53.5035
cog.001830	3.4084e-01	1515	516.3726
cog.001831	1.1684e-01	267	31.19628
cog.001832	2.9326e-01	1035	303.5241
cog.001833	1.1231e+00	717	805.2627
cog.001834	3.0501e-01	1497	456.59997
cog.001835	4.4515e-01	2550	1135.1325
cog.001836	6.4386e-01	1863	1199.51118
cog.001837	3.8787e-01	306	118.68822
cog.001838	4.2555e-01	411	174.90105
cog.001839	1.0728e+00	1395	1496.556
cog.001840	6.6142e-01	729	482.17518
cog.001841	3.4822e-01	414	144.16308
cog.001842	4.1993e-01	1188	498.87684
cog.001843	7.5055e-01	822	616.9521
cog.001844	9.2387e-01	1503	1388.57661
cog.001845	3.7863e-01	462	174.92706
cog.001846	4.8107e-01	2382	1145.90874
cog.001847	5.4997e-01	1194	656.66418
cog.001848	3.6145e-01	2724	984.5898
cog.001849	3.7848e-01	1161	439.41528
cog.001850	1.0896e+00	2754	3000.7584
cog.001851	1.0100e+00	1812	1830.12
cog.001852	1.5018e+00	327	491.0886
cog.001853	1.7145e+00	672	1152.144
cog.001854	1.7069e+00	2055	3507.6795
cog.001855	5.6293e-01	1656	932.21208
cog.001856	1.7643e+00	1728	3048.7104
cog.001857	5.5251e-01	1113	614.94363
cog.001858	6.6816e-01	543	362.81088
cog.001859	4.6742e-01	1887	882.02154
cog.001860	3.5311e-01	1077	380.29947
cog.001861	8.0570e-01	621	500.3397
cog.001862	4.7669e-01	1173	559.15737
cog.001863	6.0238e-01	588	354.19944
cog.001864	4.9416e-01	1191	588.54456
cog.001865	3.0839e-01	1302	401.52378
cog.001866	4.0809e-01	2304	940.23936
cog.001867	3.8839e-01	984	382.17576
cog.001868	2.9775e-01	1233	367.12575
cog.001869	3.8727e-01	1524	590.19948
cog.001870	3.1745e-01	1167	370.46415
cog.001871	3.7644e-01	1035	389.6154
cog.001872	2.1979e-01	1194	262.42926
cog.001873	1.3322e+00	1011	1346.8542
cog.001874	3.0484e-01	381	116.14404
cog.001875	5.4229e-01	1404	761.37516
cog.001876	1.8171e+00	867	1575.4257
cog.001877	2.5778e-01	1215	313.2027
cog.001878	8.3199e-01	1134	943.47666
cog.001879	5.3939e-01	1245	671.54055
cog.001880	4.9262e-01	1347	663.55914
cog.001881	4.8878e-01	624	304.99872
cog.001882	2.6162e-01	1938	507.01956
cog.001883	3.5705e-01	924	329.9142
cog.001884	2.9527e-01	888	262.19976
cog.001885	3.4163e-01	315	107.61345
cog.001886	4.4122e-01	1854	818.02188
cog.001887	4.3400e-01	639	277.326
cog.001888	6.4765e-01	231	149.60715
cog.001889	3.7231e-01	495	184.29345
cog.001890	4.8153e-01	777	374.14881
cog.001891	3.1724e-01	1056	335.00544
cog.001892	3.1634e-01	333	105.34122
cog.001893	1.2570e+00	279	350.703
cog.001894	1.7722e+00	963	1706.6286
cog.001895	3.3032e-01	1209	399.35688
cog.001896	1.0478e+00	690	722.982
cog.001897	3.6414e-01	2652	965.69928
cog.001898	8.9977e-01	603	542.56131
cog.001899	5.4895e-01	858	470.9991
cog.001900	1.5103e+00	1245	1880.3235
cog.001901	8.2417e-01	345	284.33865
cog.001902	4.5666e-01	573	261.66618
cog.001903	2.9903e-01	942	281.68626
cog.001904	3.2583e-01	1116	363.62628
cog.001905	2.9145e-01	819	238.69755
cog.001906	9.4620e-02	198	18.73476
cog.001907	4.2651e-01	690	294.2919
cog.001908	7.7131e-01	492	379.48452
cog.001909	2.5019e-01	387	96.82353
cog.001910	1.6523e+00	216	356.8968
cog.001911	2.7276e-01	1416	386.22816
cog.001912	1.6097e-01	162	26.07714
cog.001913	3.1449e-01	849	267.00201
cog.001914	6.7564e-01	543	366.87252
cog.001915	3.3292e-01	711	236.70612
cog.001916	4.4723e-01	297	132.82731
cog.001917	6.6991e-01	441	295.43031
cog.001918	3.5595e-01	1476	525.3822
cog.001919	5.9030e-01	948	559.6044
cog.001920	7.1871e-01	825	592.93575
cog.001921	3.7491e-01	861	322.79751
cog.001922	6.8021e-01	213	144.88473
cog.001923	4.5106e-01	402	181.32612
cog.001924	4.8439e-01	402	194.72478
cog.001925	1.7841e-01	318	56.73438
cog.001926	5.4056e-01	513	277.30728
cog.001927	3.5400e-01	555	196.47
cog.001928	3.4563e-01	813	280.99719
cog.001929	7.6660e-01	726	556.5516
cog.001930	2.4951e-01	279	69.61329
cog.001931	3.0848e-01	141	43.49568
cog.001932	1.6874e-01	246	41.51004
cog.001933	4.0961e-01	612	250.68132
cog.001934	4.9465e-01	1434	709.3281
cog.001935	1.2948e-01	231	29.90988
cog.001936	2.3700e-01	318	75.366
cog.001937	3.5947e-01	1623	583.41981
cog.001938	2.9259e-01	987	288.78633
cog.001939	3.3462e-01	885	296.1387
cog.001940	5.9478e-01	1935	1150.8993
cog.001941	4.2039e-01	1413	594.01107
cog.001942	3.9967e-01	753	300.95151
cog.001943	2.4592e-01	1131	278.13552
cog.001944	5.4949e-01	1092	600.04308
cog.001945	3.6750e-01	1371	503.8425
cog.001946	3.8373e-01	1449	556.02477
cog.001947	7.8175e-01	1419	1109.30325
cog.001948	5.2764e-01	999	527.11236
cog.001949	2.7999e-01	966	270.47034
cog.001950	4.6617e-01	975	454.51575
cog.001951	2.5139e-01	1758	441.94362
cog.001952	3.6876e-01	1254	462.42504
cog.001953	2.9240e-01	336	98.2464
cog.001954	1.2416e+00	1380	1713.408
cog.001955	4.4336e-01	801	355.13136
cog.001956	4.5912e-01	2109	968.28408
cog.001957	3.9721e-01	1482	588.66522
cog.001958	3.8989e+00	948	3696.1572
cog.001959	9.2829e-01	1305	1211.41845
cog.001960	1.7309e+00	1335	2310.7515
cog.001961	3.3797e-01	678	229.14366
cog.001962	1.2466e+00	897	1118.2002
cog.001963	1.2155e+00	1062	1290.861
cog.001964	3.9467e-01	696	274.69032
cog.001965	3.4114e-01	861	293.72154
cog.001966	4.8344e-01	834	403.18896
cog.001967	3.5542e-01	2301	817.82142
cog.001968	2.6715e-01	888	237.2292
cog.001969	5.8124e-01	1413	821.29212
cog.001970	1.0247e+00	597	611.7459
cog.001971	4.2653e-01	321	136.91613
cog.001972	1.0990e+00	2112	2321.088
cog.001973	4.4973e-01	2640	1187.2872
cog.001974	4.9210e-01	591	290.8311
cog.001975	4.3326e-01	2187	947.53962
cog.001976	3.4158e-01	903	308.44674
cog.001977	5.3356e-01	4113	2194.53228
cog.001978	6.1960e-01	5742	3557.7432
cog.001979	4.5164e-01	1452	655.78128
cog.001980	5.1501e-01	495	254.92995
cog.001981	6.1978e-01	2565	1589.7357
cog.001982	3.4357e-01	1275	438.05175
cog.001983	6.5381e-01	999	653.15619
cog.001984	5.7199e-01	492	281.41908
cog.001985	5.7314e-01	435	249.3159
cog.001986	6.4213e-01	510	327.4863
cog.001987	3.3655e-01	933	314.00115
cog.001988	5.7142e-01	573	327.42366
cog.001989	5.6088e-01	234	131.24592
cog.001990	1.3917e+00	606	843.3702
cog.001991	3.9682e-01	717	284.51994
cog.001992	6.0961e-01	900	548.649
cog.001993	6.5045e-01	249	161.96205
cog.001994	4.7901e-01	570	273.0357
cog.001995	1.3773e+00	1644	2264.2812
cog.001996	5.4342e-01	1302	707.53284
cog.001997	4.6472e-01	285	132.4452
cog.001998	5.0993e-01	1287	656.27991
cog.001999	3.0133e-01	1269	382.38777
cog.002000	6.3339e-01	306	193.81734
cog.002001	1.3147e+00	510	670.497
cog.002002	3.5991e-01	315	113.37165
cog.002003	4.7004e-01	1134	533.02536
cog.002004	8.8602e-01	192	170.11584
cog.002005	2.5459e-01	303	77.14077
cog.002006	3.1144e-01	555	172.8492
cog.002007	1.3153e+00	618	812.8554
cog.002008	3.5699e-01	1212	432.67188
cog.002009	5.8199e-01	879	511.56921
cog.002010	2.2850e-01	225	51.4125
cog.002011	4.8666e-01	540	262.7964
cog.002012	6.4573e-01	399	257.64627
cog.002013	7.1434e-01	462	330.02508
cog.002014	1.3500e+00	312	421.2
cog.002015	7.8827e-01	525	413.84175
cog.002016	7.2450e-01	531	384.7095
cog.002017	4.1460e-01	1143	473.8878
cog.002018	2.4052e-01	963	231.62076
cog.002019	6.4208e-01	375	240.78
cog.002020	4.5558e-01	336	153.07488
cog.002021	3.2651e-01	669	218.43519
cog.002022	3.3113e-01	198	65.56374
cog.002023	3.0470e-01	174	53.0178
cog.002024	7.7510e-01	309	239.5059
cog.002025	3.8446e-01	402	154.55292
cog.002026	1.4558e+00	1407	2048.3106
cog.002027	9.2978e-01	801	744.75378
cog.002028	3.1290e-02	1269	39.70701
cog.002029	2.2470e-01	1752	393.6744
cog.002030	1.4560e+00	849	1236.144
cog.002031	3.5587e-01	894	318.14778
cog.002032	2.3450e-01	894	209.643
cog.002033	1.6851e-01	225	37.91475
cog.002034	2.9778e-01	1587	472.57686
cog.002035	3.6473e-01	741	270.26493
cog.002036	4.5000e-01	1593	716.85
cog.002037	6.7751e-01	246	166.66746
cog.002038	3.3487e-01	600	200.922
cog.002039	5.9078e-01	1122	662.85516
cog.002040	6.1936e-01	1185	733.9416
cog.002041	1.8705e+00	672	1256.976
cog.002042	2.4873e+00	480	1193.904
cog.002043	2.0034e+00	1068	2139.6312
cog.002044	3.7638e-01	315	118.5597
cog.002045	1.9869e+00	1308	2598.8652
cog.002046	4.9825e-01	687	342.29775
cog.002047	2.2453e-01	864	193.99392
cog.002048	1.0752e+00	2211	2377.2672
cog.002049	5.5334e-01	2145	1186.9143
cog.002050	8.4907e-01	1461	1240.49127
cog.002051	1.7432e+00	951	1657.7832
cog.002052	8.5280e-01	324	276.3072
cog.002053	1.0170e+00	558	567.486
cog.002054	5.7396e-01	585	335.7666
cog.002055	4.1737e-01	1146	478.30602
cog.002056	6.4306e-01	714	459.14484
cog.002057	6.1650e-01	432	266.328
cog.002058	6.7873e-01	690	468.3237
cog.002059	5.4327e-01	867	471.01509
cog.002060	2.0651e+00	417	861.1467
cog.002061	3.4072e-01	951	324.02472
cog.002062	5.9138e-01	309	182.73642
cog.002063	9.1195e-01	861	785.18895
cog.002064	5.9414e-01	1770	1051.6278
cog.002065	6.0960e-02	435	26.5176
cog.002066	2.4137e-01	1266	305.57442
cog.002067	4.4438e-01	630	279.9594
cog.002068	1.8792e-01	273	51.30216
cog.002069	1.0089e+00	312	314.7768
cog.002070	2.4442e-01	186	45.46212
cog.002071	5.3919e-01	444	239.40036
cog.002072	4.0892e-01	636	260.07312
cog.002073	4.9574e-01	423	209.69802
cog.002074	1.0971e+00	1620	1777.302
cog.002075	3.1474e+00	1098	3455.8452
cog.002076	0.0000e+00	918	0
cog.002077	1.2430e+00	1053	1308.879
cog.002078	2.3770e-02	1833	43.57041
cog.002079	3.1510e-01	1572	495.3372
cog.002080	2.9200e-01	813	237.396
cog.002081	2.5486e-01	759	193.43874
cog.002082	1.7040e-02	606	10.32624
cog.002083	5.0210e-02	567	28.46907
cog.002084	5.4540e-02	606	33.05124
cog.002085	3.2070e-01	2823	905.3361
cog.002086	4.4840e-02	921	41.29764
cog.002087	2.4300e-02	657	15.9651
cog.002088	5.4790e-02	1923	105.36117
cog.002089	1.7210e-02	1317	22.66557
cog.002090	2.9840e-02	1254	37.41936
cog.002091	1.5530e-02	363	5.63739
cog.002092	2.6160e-02	390	10.2024
cog.002093	2.5680e-02	363	9.32184
cog.002094	4.2112e-01	828	348.68736
cog.002095	2.2110e-01	1290	285.219
cog.002096	2.3973e-01	225	53.93925
cog.002097	7.1270e-02	1401	99.84927
cog.002098	2.1810e-02	663	14.46003
cog.002099	2.9810e-01	1236	368.4516
cog.002100	3.7850e-01	669	253.2165
cog.002101	3.6340e-02	636	23.11224
cog.002102	2.1940e-02	2613	57.32922
cog.002103	3.9820e-02	783	31.17906
cog.002104	3.9940e-02	1110	44.3334
cog.002105	2.7242e-01	954	259.88868
cog.002106	1.0934e+00	1221	1335.0414
cog.002107	1.5373e+00	1905	2928.5565
cog.002108	5.9475e-01	1041	619.13475
cog.002109	2.7660e-02	1032	28.54512
cog.002110	4.9448e-01	1332	658.64736
cog.002111	3.8468e-01	879	338.13372
cog.002112	1.7272e-01	1593	275.14296
cog.002113	1.0380e-02	222	2.30436
cog.002114	1.8610e-02	894	16.63734
cog.002115	2.4320e-01	1176	286.0032
cog.002116	5.3240e-02	1338	71.23512
cog.002117	5.0038e-01	1302	651.49476
cog.002118	3.4813e-01	1188	413.57844
cog.002119	1.5012e-01	474	71.15688
cog.002120	3.1360e-02	804	25.21344
cog.002121	1.0450e-02	492	5.1414
cog.002122	1.3940e-02	957	13.34058
cog.002123	3.5940e-02	399	14.34006
cog.002124	1.7920e-02	408	7.31136
cog.002125	4.8780e-02	963	46.97514
cog.002126	5.3120e-02	438	23.26656
cog.002127	4.5820e-01	315	144.333
cog.002128	2.4218e-01	651	157.65918
cog.002129	4.9940e-02	777	38.80338
cog.002130	8.7778e-01	1965	1724.8377
cog.002131	5.3402e-01	585	312.4017
cog.002132	1.5992e+00	735	1175.412
cog.002133	2.4210e-01	1077	260.7417
cog.002134	1.3389e+00	213	285.1857
cog.002135	6.5931e-01	429	282.84399
cog.002136	2.4780e-02	219	5.42682
cog.002137	1.1488e+00	906	1040.8128
cog.002138	3.9682e-01	435	172.6167
cog.002139	1.1985e+00	183	219.3255
cog.002140	4.3500e-02	300	13.05
cog.002141	4.1680e-02	522	21.75696
cog.002142	1.1000e-02	912	10.032
cog.002143	7.0073e-01	573	401.51829
cog.002144	2.5340e-02	498	12.61932
cog.002145	6.2940e-02	1413	88.93422
cog.002146	1.1080e-01	402	44.5416
cog.002147	1.2190e-02	510	6.2169
cog.002148	4.5510e-02	957	43.55307
cog.002149	4.7463e-01	2352	1116.32976
cog.002150	2.9994e-01	1278	383.32332
cog.002151	4.9400e-03	207	1.02258
cog.002152	5.8188e-01	744	432.91872
cog.002153	6.0029e-01	2811	1687.41519
cog.002154	1.4639e-01	354	51.82206
cog.002155	5.9040e-02	927	54.73008
cog.002156	5.5373e-01	2148	1189.41204
cog.002157	3.8420e-02	654	25.12668
cog.002158	4.8650e-02	1275	62.02875
cog.002159	2.9060e-02	840	24.4104
cog.002160	8.1420e-02	2409	196.14078
cog.002161	4.6292e-01	2304	1066.56768
cog.002162	7.3830e-02	687	50.72121
cog.002163	2.2310e-02	1191	26.57121
cog.002164	5.7154e-01	750	428.655
cog.002165	3.9833e-01	213	84.84429
cog.002166	3.7645e-01	2049	771.34605
cog.002167	3.9962e-01	897	358.45914
cog.002168	1.1271e+00	4263	4804.8273
cog.002169	2.6490e-01	312	82.6488
cog.002170	2.4060e-02	444	10.68264
cog.002171	2.8565e-01	816	233.0904
cog.002172	2.2590e-02	876	19.78884
cog.002173	6.7440e-01	783	528.0552
cog.002174	7.4630e-02	1455	108.58665
cog.002175	2.0840e-02	2643	55.08012
cog.002176	2.8080e-02	462	12.97296
cog.002177	3.1903e-01	231	73.69593
cog.002178	4.6316e-01	915	423.7914
cog.002179	3.8572e-01	1218	469.80696
cog.002180	1.5230e-02	1284	19.55532
cog.002181	6.2151e-01	756	469.86156
cog.002182	2.4980e-02	1470	36.7206
cog.002183	3.4010e-02	573	19.48773
cog.002184	2.5126e-01	4461	1120.87086
cog.002185	3.1852e-01	951	302.91252
cog.002186	1.2968e-01	228	29.56704
cog.002187	2.5384e-01	1401	355.62984
cog.002188	4.0034e-01	840	336.2856
cog.002189	5.0990e-01	960	489.504
cog.002190	1.9100e-02	306	5.8446
cog.002191	3.4860e-02	363	12.65418
cog.002192	4.9000e-03	228	1.1172
cog.002193	3.3348e-01	816	272.11968
cog.002194	4.7500e-02	426	20.235
cog.002195	5.4204e-01	615	333.3546
cog.002196	6.1332e-01	1047	642.14604
cog.002197	5.4172e-01	186	100.75992
cog.002198	4.1914e-01	732	306.81048
cog.002199	4.1878e-01	432	180.91296
cog.002200	4.2892e-01	525	225.183
cog.002201	4.8432e-01	888	430.07616
cog.002202	2.0110e-02	426	8.56686
cog.002203	2.6872e-01	1413	379.70136
cog.002204	4.5950e-02	360	16.542
cog.002205	4.6774e-01	1086	507.96564
cog.002206	4.8826e-01	606	295.88556
cog.002207	1.0830e-02	225	2.43675
cog.002208	1.2960e-02	1941	25.15536
cog.002209	3.7408e-01	837	313.10496
cog.002210	4.8150e-02	1005	48.39075
cog.002211	1.1200e-02	1335	14.952
cog.002212	8.1400e-03	261	2.12454
cog.002213	3.5778e-01	453	162.07434
cog.002214	4.8300e-02	300	14.49
cog.002215	3.7460e-02	330	12.3618
cog.002216	6.3394e-01	834	528.70596
cog.002217	4.3540e-02	354	15.41316
cog.002218	2.0560e-02	228	4.68768
cog.002219	1.7300e-02	540	9.342
cog.002220	6.2080e-02	462	28.68096
cog.002221	4.1170e-01	666	274.1922
cog.002222	3.6798e-01	129	47.46942
cog.002223	5.8928e-01	630	371.2464
cog.002224	4.9306e-01	480	236.6688
cog.002225	5.2268e-01	702	366.92136
cog.002226	4.8500e-01	831	403.035
cog.002227	5.8640e-02	729	42.74856
cog.002228	2.1480e-02	1413	30.35124
cog.002229	4.0202e-01	402	161.61204
cog.002230	3.2320e-02	954	30.83328
cog.002231	3.6411e-01	1290	469.7019
cog.002232	8.2422e-01	402	331.33644
cog.002233	5.7472e-01	555	318.9696
cog.002234	2.2866e-01	561	128.27826
cog.002235	5.8802e-01	1773	1042.55946
cog.002236	2.8120e-02	783	22.01796
cog.002237	2.6120e-02	414	10.81368
cog.002238	2.0900e-02	582	12.1638
cog.002239	2.4740e-02	1470	36.3678
cog.002240	1.2780e-02	1326	16.94628
cog.002241	3.4588e-01	672	232.43136
cog.002242	5.3170e-01	477	253.6209
cog.002243	7.7870e-02	1029	80.12823
cog.002244	3.7776e-01	261	98.59536
cog.002245	5.5400e-03	195	1.0803
cog.002246	1.9540e-02	546	10.66884
cog.002247	0.0000e+00	219	0
cog.002248	6.4000e-03	165	1.056
cog.002249	1.3990e-02	183	2.56017
cog.002250	1.1128e+00	771	857.9688
cog.002251	9.5772e-01	864	827.47008
cog.002252	1.8165e+00	822	1493.163
cog.002253	1.1289e-01	1248	140.88672
cog.002254	9.7874e-01	876	857.37624
cog.002255	1.1979e+00	1446	1732.1634
cog.002256	3.6440e-02	1167	42.52548
cog.002257	1.4614e+00	6513	9518.0982
cog.002258	3.2819e-01	1773	581.88087
cog.002259	2.7626e-01	1416	391.18416
cog.002260	3.5346e-01	936	330.83856
cog.002261	1.7965e-01	729	130.96485
cog.002262	0.0000e+00	414	0
cog.002263	1.5400e-03	1356	2.08824
cog.002264	3.2545e-01	429	139.61805
cog.002265	1.4043e+00	1413	1984.2759
cog.002266	3.5974e-01	414	148.93236
cog.002267	2.1144e+00	1305	2759.292
cog.002268	9.9857e-01	414	413.40798
cog.002269	1.2660e+00	1461	1849.626
cog.002270	1.3800e+00	387	534.06
cog.002271	1.3040e+00	1017	1326.168
cog.002272	6.0700e-03	1728	10.48896
cog.002273	3.2286e-01	1353	436.82958
cog.002274	1.2083e+00	435	525.6105
cog.002275	4.6874e-01	729	341.71146
cog.002276	1.3429e+00	510	684.879
cog.002277	8.6266e-01	1467	1265.52222
cog.002278	1.4735e+00	618	910.623
cog.002279	1.0992e+00	1173	1289.3616
cog.002280	3.2310e-01	18186	5875.8966
cog.002281	3.9877e-01	1278	509.62806
cog.002282	2.7868e-01	2133	594.42444
cog.002283	9.5957e-01	1146	1099.66722
cog.002284	1.1635e+00	408	474.708
cog.002285	2.5266e-01	213	53.81658
cog.002286	1.6940e-02	525	8.8935
cog.002287	4.5500e-03	693	3.15315
cog.002288	6.0773e-01	861	523.25553
cog.002289	1.0345e+00	426	440.697
cog.002290	5.1336e-01	165	84.7044
cog.002291	1.2860e+00	897	1153.542
cog.002292	8.5400e-01	279	238.266
cog.002293	1.3760e-02	1074	14.77824
cog.002294	5.6520e-02	141	7.96932
cog.002295	9.9907e-01	723	722.32761
cog.002296	1.2034e+00	1197	1440.4698
cog.002297	6.2100e-03	333	2.06793
cog.002298	6.9410e-02	513	35.60733
cog.002299	5.2929e-01	174	92.09646
cog.002300	5.5130e-02	513	28.28169
cog.002301	1.4930e-02	1182	17.64726
cog.002302	3.0396e-01	360	109.4256
cog.002303	6.9700e-02	576	40.1472
cog.002304	1.3478e+00	444	598.4232
cog.002305	2.3812e-01	1188	282.88656
cog.002306	1.3250e-01	192	25.44
cog.002307	1.0280e-02	321	3.29988
cog.002308	9.8380e-02	291	28.62858
cog.002309	3.3826e-01	426	144.09876
cog.002310	4.6326e-01	1938	897.79788
cog.002311	3.3038e-01	1041	343.92558
cog.002312	1.0648e+00	414	440.8272
cog.002313	2.2200e-01	1326	294.372
cog.002314	1.4528e-01	345	50.1216
cog.002315	2.6892e-01	1623	436.45716
cog.002316	4.9182e-01	1344	661.00608
cog.002317	2.1700e-02	603	13.0851
cog.002318	5.8326e-01	516	300.96216
cog.002319	1.7540e-01	252	44.2008
cog.002320	1.0086e+00	2076	2093.8536
cog.002321	4.9618e-01	567	281.33406
cog.002322	4.2668e-01	1794	765.46392
cog.002323	5.7508e-01	2940	1690.7352
cog.002324	7.8000e-04	1293	1.00854
cog.002325	2.7780e-02	249	6.91722
cog.002326	0.0000e+00	1647	0
cog.002327	7.0500e-03	1596	11.2518
cog.002328	7.4600e-03	987	7.36302
cog.002329	3.1940e-02	927	29.60838
cog.002330	4.4800e-03	918	4.11264
cog.002331	6.5200e-03	966	6.29832
cog.002332	0.0000e+00	966	0
cog.002333	3.5290e-02	927	32.71383
cog.002334	1.3600e-03	780	1.0608
cog.002335	0.0000e+00	1413	0
cog.002336	6.0000e-04	1749	1.0494
cog.002337	0.0000e+00	1488	0
cog.002338	2.0000e-05	1065	0.0213
cog.002339	0.0000e+00	1413	0
cog.002340	1.3600e-03	786	1.06896
cog.002341	2.7000e-03	786	2.1222
cog.002342	1.3000e-03	786	1.0218
cog.002343	2.0662e+00	1461	3018.7182
cog.002344	0.0000e+00	2535	0
cog.002345	8.8540e-02	1269	112.35726
cog.002346	1.0865e-01	1269	137.87685
cog.002347	9.7910e-02	1269	124.24779
cog.002348	8.8540e-02	1269	112.35726
cog.002349	1.7100e-03	1269	2.16999
cog.002350	8.1440e-02	1269	103.34736
cog.002351	1.0592e-01	1248	132.18816
cog.002352	1.0675e-01	1248	133.224
cog.002353	1.0592e-01	1248	132.18816
cog.002354	0.0000e+00	1005	0
cog.002355	6.8302e-01	1830	1249.9266
cog.002356	2.2190e-01	1290	286.251
cog.002357	1.9680e-01	1323	260.3664
cog.002358	0.0000e+00	654	0
cog.002359	8.4000e-04	1215	1.0206
cog.002360	1.6000e-02	393	6.288
cog.002361	0.0000e+00	741	0
cog.002362	1.4980e+00	1176	1761.648
cog.002363	0.0000e+00	1452	0
cog.002364	3.7368e-01	915	341.9172
cog.002365	4.1978e-01	924	387.87672
cog.002366	5.6000e-04	1866	1.04496
cog.002367	1.2000e-03	2850	3.42
cog.002368	0.0000e+00	1368	0
cog.002369	0.0000e+00	849	0
cog.002370	0.0000e+00	1767	0
cog.002371	0.0000e+00	1728	0
cog.002372	3.0266e-01	1179	356.83614
cog.002373	0.0000e+00	1761	0
cog.002374	0.0000e+00	954	0
cog.002375	1.1200e-03	981	1.09872
cog.002376	6.8000e-04	1521	1.03428
cog.002377	3.3548e-01	738	247.58424
cog.002378	1.3800e-03	1473	2.03274
cog.002379	9.0398e-01	384	347.12832
cog.002380	2.8800e-03	1422	4.09536
cog.002381	5.4420e-02	393	21.38706
cog.002382	0.0000e+00	456	0
cog.002383	3.7168e-01	651	241.96368
cog.002384	5.4000e-04	1878	1.01412
cog.002385	5.8000e-04	1845	1.0701
cog.002386	7.4000e-04	1380	1.0212
cog.002387	0.0000e+00	1293	0
cog.002388	0.0000e+00	1308	0
cog.002389	7.6600e-03	804	6.15864
cog.002390	2.5800e-03	1656	4.27248
cog.002391	1.2100e-03	1755	2.12355
cog.002392	0.0000e+00	1731	0
cog.002393	0.0000e+00	1503	0
cog.002394	0.0000e+00	636	0
cog.002395	1.5000e-03	816	1.224
cog.002396	5.6788e-01	972	551.97936
cog.002397	0.0000e+00	642	0
cog.002398	1.2510e-02	657	8.21907
cog.002399	0.0000e+00	1197	0
cog.002400	0.0000e+00	1197	0
cog.002401	0.0000e+00	432	0
cog.002402	0.0000e+00	396	0
cog.002403	0.0000e+00	207	0
cog.002404	2.7900e-02	612	17.0748
cog.002405	0.0000e+00	516	0
cog.002406	1.5400e-03	1356	2.08824
cog.002407	3.7100e-02	879	32.6109
cog.002408	1.1779e+00	1167	1374.6093
cog.002409	3.3778e-01	1293	436.74954
cog.002410	3.7756e-01	747	282.03732
cog.002411	1.7956e-01	408	73.26048
cog.002412	1.9984e-01	837	167.26608
cog.002413	1.0917e+00	849	926.8533
cog.002414	2.7300e-03	816	2.22768
cog.002415	1.4700e-03	1518	2.23146
cog.002416	4.5511e-01	276	125.61036
cog.002417	1.0734e-01	363	38.96442
cog.002418	8.9641e-01	690	618.5229
cog.002419	4.8100e-03	663	3.18903
cog.002420	5.3343e-01	741	395.27163
cog.002421	3.0000e-05	933	0.02799
cog.002422	9.3229e-01	318	296.46822
cog.002423	1.2026e-01	657	79.01082
cog.002424	1.1226e+00	381	427.7106
cog.002425	1.2907e+00	612	789.9084
cog.002426	9.7000e-04	3342	3.24174
cog.002427	1.2600e-03	813	1.02438
cog.002428	4.7090e-02	825	38.84925
cog.002429	3.3285e-01	612	203.7042
cog.002430	7.2275e-01	210	151.7775
cog.002431	3.3601e-01	1980	665.2998
cog.002432	2.9812e-01	372	110.90064
cog.002433	7.4010e-02	360	26.6436
cog.002434	8.8150e-02	480	42.312
cog.002435	6.3960e-02	3165	202.4334
cog.002436	5.7750e-02	213	12.30075
cog.002437	1.7959e+00	543	975.1737
cog.002438	1.0359e-01	1416	146.68344
cog.002439	9.7008e-01	480	465.6384
cog.002440	7.4674e-01	309	230.74266
cog.002441	1.9500e-03	1059	2.06505
cog.002442	8.6100e-03	996	8.57556
cog.002443	2.5100e-03	1269	3.18519
cog.002444	1.2200e-03	2781	3.39282
cog.002445	3.5100e-03	963	3.38013
cog.002446	1.9016e-01	207	39.36312
cog.002447	1.0800e-03	960	1.0368
cog.002448	1.5843e-01	615	97.43445
cog.002449	9.8768e-01	396	391.12128
cog.002450	3.0000e-05	255	0.00765
cog.002451	5.9455e-01	393	233.65815
cog.002452	9.6200e-02	309	29.7258
cog.002453	1.0800e-03	2913	3.14604
cog.002454	6.1810e-02	1620	100.1322
cog.002455	5.2240e-02	537	28.05288
cog.002456	1.2152e+00	384	466.6368
cog.002457	1.8560e-02	672	12.47232
cog.002458	4.7249e-01	270	127.5723
cog.002459	7.3966e-01	1365	1009.6359
cog.002460	1.4354e-01	1152	165.35808
cog.002461	4.5410e-02	183	8.31003
cog.002462	2.3680e-01	522	123.6096
cog.002463	2.9600e-03	378	1.11888
cog.002464	1.2000e-03	852	1.0224
cog.002465	2.9786e-01	540	160.8444
cog.002466	2.9200e-03	435	1.2702
cog.002467	1.3600e+00	2175	2958
cog.002468	3.5590e-01	1014	360.8826
cog.002469	3.6200e-03	366	1.32492
cog.002470	1.2200e-03	876	1.06872
cog.002471	2.2000e-03	1893	4.1646
cog.002472	8.6800e-03	438	3.80184
cog.002473	2.0000e-05	636	0.01272
cog.002474	2.0000e-05	1272	0.02544
cog.002475	2.0000e-05	582	0.01164
cog.002476	2.0000e-05	1392	0.02784
cog.002477	1.2700e-03	1752	2.22504
cog.002478	6.9756e-01	711	495.96516
cog.002479	1.3420e-02	648	8.69616
cog.002480	2.4400e-02	246	6.0024
cog.002481	1.1600e-03	1749	2.02884
cog.002482	3.7440e-01	624	233.6256
cog.002483	2.3680e-01	213	50.4384
cog.002484	1.3251e-01	333	44.12583
cog.002485	2.0000e-05	573	0.01146
cog.002486	2.6800e-03	492	1.31856
cog.002487	1.3000e-03	789	1.0257
cog.002488	1.3200e-03	843	1.11276
cog.002489	3.1384e-01	1050	329.532
cog.002490	2.0000e-05	858	0.01716
cog.002491	2.2966e-01	129	29.62614
cog.002492	2.5656e-01	1581	405.62136
cog.002493	1.1200e-03	945	1.0584
cog.002494	1.6800e-03	801	1.34568
cog.002495	2.0000e-05	408	0.00816
cog.002496	8.4000e-04	1221	1.02564
cog.002497	1.7000e-02	1158	19.686
cog.002498	8.0000e-04	1263	1.0104
cog.002499	3.6000e-04	5814	2.09304
cog.002500	3.6834e-01	102	37.57068
cog.002501	3.7400e-03	873	3.26502
cog.002502	2.9600e-03	363	1.07448
cog.002503	2.7420e-02	192	5.26464
cog.002504	2.0000e-05	276	0.00552
cog.002505	5.3400e-03	414	2.21076
cog.002506	7.8000e-04	1281	0.99918
cog.002507	6.2158e-01	210	130.5318
cog.002508	3.5680e-02	1386	49.45248
cog.002509	1.7560e-02	60	1.0536
cog.002510	6.2574e-01	1497	936.73278
cog.002511	1.0858e+00	192	208.4736
cog.002512	1.0640e-02	513	5.45832
cog.002513	4.2288e-01	741	313.35408
cog.002514	2.0000e-05	438	0.00876
cog.002515	4.2600e-03	255	1.0863
cog.002516	7.1000e-03	420	2.982
cog.002517	0.0000e+00	171	0
cog.002518	0.0000e+00	183	0
cog.002519	2.0000e-05	306	0.00612
cog.002520	4.1200e-03	1230	5.0676
cog.002521	1.7800e-03	1227	2.18406
cog.002522	1.9660e-02	738	14.50908
cog.002523	2.9776e-01	393	117.01968
cog.002524	2.6200e-03	444	1.16328
cog.002525	3.8000e-04	2763	1.04994
cog.002526	2.0000e-05	1170	0.0234
cog.002527	1.4200e-03	744	1.05648
cog.002528	0.0000e+00	186	0
cog.002529	2.2000e-03	465	1.023
cog.002530	0.0000e+00	213	0
cog.002531	0.0000e+00	780	0
cog.002532	0.0000e+00	669	0
cog.002533	0.0000e+00	801	0
cog.002534	2.3800e-03	456	1.08528
cog.002535	0.0000e+00	258	0
cog.002536	0.0000e+00	189	0
cog.002537	0.0000e+00	273	0
cog.002538	0.0000e+00	180	0
cog.002539	0.0000e+00	903	0
cog.002540	0.0000e+00	642	0
cog.002541	0.0000e+00	447	0
cog.002542	0.0000e+00	1293	0
cog.002543	0.0000e+00	1506	0
cog.002544	0.0000e+00	1161	0
cog.002545	0.0000e+00	516	0
cog.002546	0.0000e+00	195	0
cog.002547	0.0000e+00	345	0
cog.002548	0.0000e+00	723	0
cog.002549	0.0000e+00	1194	0
cog.002550	0.0000e+00	321	0
cog.002551	0.0000e+00	837	0
cog.002552	0.0000e+00	1191	0
cog.002553	0.0000e+00	261	0
cog.002554	0.0000e+00	660	0
cog.002555	0.0000e+00	225	0
cog.002556	9.6000e-04	1065	1.0224
cog.002557	0.0000e+00	387	0
cog.002558	0.0000e+00	171	0
cog.002559	0.0000e+00	837	0
cog.002560	0.0000e+00	897	0
cog.002561	0.0000e+00	240	0
cog.002562	0.0000e+00	840	0
cog.002563	2.6000e-03	396	1.0296
cog.002564	0.0000e+00	543	0
cog.002565	0.0000e+00	243	0
cog.002566	0.0000e+00	330	0
cog.002567	0.0000e+00	969	0
cog.002568	0.0000e+00	303	0
cog.002569	0.0000e+00	1020	0
cog.002570	0.0000e+00	708	0
cog.002571	0.0000e+00	450	0
cog.002572	0.0000e+00	186	0
cog.002573	0.0000e+00	870	0
cog.002574	0.0000e+00	237	0
cog.002575	0.0000e+00	183	0
cog.002576	0.0000e+00	156	0
cog.002577	0.0000e+00	399	0
cog.002578	0.0000e+00	648	0
cog.002579	0.0000e+00	147	0
cog.002580	0.0000e+00	234	0
cog.002581	0.0000e+00	342	0
cog.002582	0.0000e+00	843	0
cog.002583	0.0000e+00	372	0
cog.002584	0.0000e+00	1305	0
cog.002585	0.0000e+00	489	0
cog.002586	2.0200e-03	540	1.0908
cog.002587	0.0000e+00	606	0
cog.002588	0.0000e+00	630	0
cog.002589	0.0000e+00	150	0
cog.002590	0.0000e+00	801	0
cog.002591	0.0000e+00	1077	0
cog.002592	0.0000e+00	558	0
cog.002593	0.0000e+00	1407	0
cog.002594	0.0000e+00	735	0
cog.002595	0.0000e+00	399	0
cog.002596	0.0000e+00	222	0
cog.002597	0.0000e+00	870	0
cog.002598	0.0000e+00	447	0
cog.002599	0.0000e+00	1362	0
cog.002600	0.0000e+00	693	0
cog.002601	0.0000e+00	444	0
cog.002602	0.0000e+00	162	0
cog.002603	0.0000e+00	348	0
cog.002604	0.0000e+00	957	0
cog.002605	0.0000e+00	411	0
cog.002606	0.0000e+00	414	0
cog.002607	0.0000e+00	372	0
cog.002608	0.0000e+00	1269	0
cog.002609	0.0000e+00	858	0
cog.002610	0.0000e+00	558	0
cog.002611	0.0000e+00	471	0
cog.002612	0.0000e+00	627	0
cog.002613	0.0000e+00	1770	0
cog.002614	0.0000e+00	405	0
cog.002615	0.0000e+00	411	0
cog.002616	0.0000e+00	708	0
cog.002617	0.0000e+00	573	0
cog.002618	0.0000e+00	381	0
cog.002619	0.0000e+00	360	0
cog.002620	0.0000e+00	303	0
cog.002621	0.0000e+00	231	0
cog.002622	0.0000e+00	312	0
cog.002623	0.0000e+00	1152	0
cog.002624	0.0000e+00	258	0
cog.002625	0.0000e+00	591	0
cog.002626	0.0000e+00	1371	0
cog.002627	0.0000e+00	510	0
cog.002628	0.0000e+00	813	0
cog.002629	0.0000e+00	324	0
cog.002630	2.9040e-02	258	7.49232
cog.002631	0.0000e+00	198	0
cog.002632	0.0000e+00	1446	0
cog.002633	0.0000e+00	1032	0
cog.002634	0.0000e+00	1032	0
cog.002635	0.0000e+00	597	0
cog.002636	0.0000e+00	270	0
cog.002637	1.8400e-03	585	1.0764
cog.002638	0.0000e+00	165	0
cog.002639	0.0000e+00	516	0
cog.002640	0.0000e+00	903	0
cog.002641	0.0000e+00	1107	0
cog.002642	0.0000e+00	192	0
