cog.000001	1.6325e+00	1197	1954.1025
cog.000002	1.1123e+00	2280	2536.044
cog.000003	4.4519e+00	1209	5382.3471
cog.000004	3.1530e-02	1212	38.21436
cog.000005	2.3677e+00	1074	2542.9098
cog.000006	3.8842e-01	1740	675.8508
cog.000007	3.8472e-01	1176	452.43072
cog.000008	8.2741e-01	1191	985.44531
cog.000009	2.1770e+00	1140	2481.78
cog.000010	2.2529e+00	957	2156.0253
cog.000011	2.7460e+00	705	1935.93
cog.000012	2.4555e-01	594	145.8567
cog.000013	1.6819e+00	1998	3360.4362
cog.000014	2.0610e+00	876	1805.436
cog.000015	2.0108e+00	1038	2087.2104
cog.000016	2.2349e+00	1908	4264.1892
cog.000017	3.2920e-01	852	280.4784
cog.000018	1.9677e+00	2049	4031.8173
cog.000019	2.1209e+00	861	1826.0949
cog.000020	7.0694e-01	534	377.50596
cog.000021	8.8678e-01	1398	1239.71844
cog.000022	4.6603e-01	1626	757.76478
cog.000023	4.1963e-01	1836	770.44068
cog.000024	6.9448e-01	360	250.0128
cog.000025	1.2292e+00	1815	2230.998
cog.000026	5.6373e-01	192	108.23616
cog.000027	8.5351e-01	633	540.27183
cog.000028	4.0458e-01	789	319.21362
cog.000029	4.0432e-01	777	314.15664
cog.000030	1.3091e+00	750	981.825
cog.000031	9.1539e-01	819	749.70441
cog.000032	7.6029e-01	1740	1322.9046
cog.000033	6.1363e-01	1773	1087.96599
cog.000034	5.4370e-01	1842	1001.4954
cog.000035	6.3071e-01	1599	1008.50529
cog.000036	9.8170e-01	1140	1119.138
cog.000037	6.8122e-01	1674	1140.36228
cog.000038	6.9691e-01	1611	1122.72201
cog.000039	4.2920e-01	1404	602.5968
cog.000040	5.9354e-01	708	420.22632
cog.000041	7.2972e-01	777	566.99244
cog.000042	3.7364e-01	687	256.69068
cog.000043	3.7074e-01	678	251.36172
cog.000044	3.0203e-01	705	212.93115
cog.000045	1.1192e+00	705	789.036
cog.000046	2.9493e-01	759	223.85187
cog.000047	4.5221e-01	885	400.20585
cog.000048	6.7932e-01	768	521.71776
cog.000049	6.5125e-01	714	464.9925
cog.000050	8.4832e-01	795	674.4144
cog.000051	3.6125e-01	1338	483.3525
cog.000052	3.8241e-01	1434	548.37594
cog.000053	3.9359e-01	1416	557.32344
cog.000054	3.3263e-01	1191	396.16233
cog.000055	3.6386e-01	1167	424.62462
cog.000056	3.8151e-01	798	304.44498
cog.000057	5.3761e-01	861	462.88221
cog.000058	1.2723e+00	864	1099.2672
cog.000059	4.6806e-01	1281	599.58486
cog.000060	7.6895e-01	1230	945.8085
cog.000061	8.9720e-01	834	748.2648
cog.000062	5.2842e-01	1008	532.64736
cog.000063	5.2009e-01	1236	642.83124
cog.000064	5.1471e-01	1251	643.90221
cog.000065	4.0073e-01	1362	545.79426
cog.000066	2.4722e-01	1314	324.84708
cog.000067	5.3357e-01	1206	643.48542
cog.000068	3.2318e-01	1227	396.54186
cog.000069	6.5697e-01	1998	1312.62606
cog.000070	3.8467e-01	1629	626.62743
cog.000071	5.5648e-01	1842	1025.03616
cog.000072	2.7997e-01	1668	466.98996
cog.000073	8.8481e-01	1029	910.46949
cog.000074	6.1365e-01	1416	868.9284
cog.000075	7.6816e-01	1446	1110.75936
cog.000076	8.3795e-01	1059	887.38905
cog.000077	4.6934e-01	1491	699.78594
cog.000078	6.9282e-01	1341	929.07162
cog.000079	6.2153e-01	1401	870.76353
cog.000080	5.1755e-01	1341	694.03455
cog.000081	2.6338e-01	618	162.76884
cog.000082	4.2894e-01	1134	486.41796
cog.000083	3.2644e-01	1113	363.32772
cog.000084	6.5717e-01	1311	861.54987
cog.000085	6.7797e-01	1332	903.05604
cog.000086	7.1380e-01	1167	833.0046
cog.000087	7.3879e-01	2403	1775.31237
cog.000088	4.8462e-01	786	380.91132
cog.000089	4.2498e-01	762	323.83476
cog.000090	5.8699e-01	1368	803.00232
cog.000091	5.2993e-01	2193	1162.13649
cog.000092	6.1130e-01	2646	1617.4998
cog.000093	4.8705e-01	2316	1128.0078
cog.000094	6.8651e-01	2340	1606.4334
cog.000095	7.2389e-01	1467	1061.94663
cog.000096	2.9858e-01	1431	427.26798
cog.000097	1.1014e+00	1374	1513.3236
cog.000098	4.6669e-01	1146	534.82674
cog.000099	6.1432e-01	1242	762.98544
cog.000100	6.1509e-01	1014	623.70126
cog.000101	6.7099e-01	1128	756.87672
cog.000102	9.4572e-01	1137	1075.28364
cog.000103	5.8849e-01	879	517.28271
cog.000104	6.5921e-01	798	526.04958
cog.000105	4.2969e-01	1599	687.07431
cog.000106	7.1168e-01	1500	1067.52
cog.000107	8.0458e-01	1239	996.87462
cog.000108	5.6059e-01	1095	613.84605
cog.000109	7.7637e-01	1350	1048.0995
cog.000110	5.6876e-01	345	196.2222
cog.000111	4.9285e-01	384	189.2544
cog.000112	7.2778e-01	2478	1803.43884
cog.000113	8.3592e-01	1092	912.82464
cog.000114	7.1985e-01	915	658.66275
cog.000115	5.5611e-01	1518	844.17498
cog.000116	4.7883e-01	1449	693.82467
cog.000117	5.9797e-01	660	394.6602
cog.000118	5.8825e-01	642	377.6565
cog.000119	4.0527e-01	2850	1155.0195
cog.000120	3.2370e-01	3564	1153.6668
cog.000121	6.6503e-01	3543	2356.20129
cog.000122	8.1233e-01	1011	821.26563
cog.000123	8.6604e-01	1182	1023.65928
cog.000124	1.0850e+00	1236	1341.06
cog.000125	5.4296e-01	1527	829.09992
cog.000126	6.0892e-01	1485	904.2462
cog.000127	6.7391e-01	1515	1020.97365
cog.000128	5.7244e-01	1590	910.1796
cog.000129	3.7354e-01	1908	712.71432
cog.000130	4.3520e-01	1851	805.5552
cog.000131	8.8272e-01	1023	903.02256
cog.000132	4.2887e-01	1542	661.31754
cog.000133	3.3283e-01	2700	898.641
cog.000134	3.6408e-01	2601	946.97208
cog.000135	3.9545e-01	954	377.2593
cog.000136	5.9846e-01	1020	610.4292
cog.000137	5.4992e-01	762	419.03904
cog.000138	5.6246e-01	1491	838.62786
cog.000139	1.1474e+00	1299	1490.4726
cog.000140	9.0426e-01	384	347.23584
cog.000141	2.1297e-01	1641	349.48377
cog.000142	4.1343e-01	1614	667.27602
cog.000143	5.4900e-01	1377	755.973
cog.000144	4.5186e-01	864	390.40704
cog.000145	5.0885e-01	804	409.1154
cog.000146	5.1741e-01	930	481.1913
cog.000147	3.7467e-01	861	322.59087
cog.000148	4.8816e-01	441	215.27856
cog.000149	1.1152e+00	474	528.6048
cog.000150	6.5964e-01	1149	757.92636
cog.000151	6.4064e-01	1143	732.25152
cog.000152	6.3320e-01	765	484.398
cog.000153	4.8400e-01	756	365.904
cog.000154	5.6165e-01	777	436.40205
cog.000155	6.5958e-01	1035	682.6653
cog.000156	1.1265e+00	1302	1466.703
cog.000157	9.0030e-02	966	86.96898
cog.000158	4.5461e-01	1581	718.73841
cog.000159	4.3741e-01	1020	446.1582
cog.000160	1.1669e+00	657	766.6533
cog.000161	3.4208e-01	2595	887.6976
cog.000162	5.2032e-01	2376	1236.28032
cog.000163	1.3623e+00	1290	1757.367
cog.000164	8.0235e-01	1032	828.0252
cog.000165	5.4925e-01	1797	987.00225
cog.000166	5.4934e-01	942	517.47828
cog.000167	7.5050e-01	693	520.0965
cog.000168	5.6172e-01	897	503.86284
cog.000169	4.6793e-01	1419	663.99267
cog.000170	8.3964e-01	3825	3211.623
cog.000171	5.2375e-01	681	356.67375
cog.000172	5.5657e-01	681	379.02417
cog.000173	6.1965e-01	963	596.72295
cog.000174	6.7890e-01	900	611.01
cog.000175	5.5170e-01	1131	623.9727
cog.000176	4.9141e-01	801	393.61941
cog.000177	3.6820e-01	993	365.6226
cog.000178	6.1982e-01	1299	805.14618
cog.000179	1.0849e+00	561	608.6289
cog.000180	1.3357e+00	1584	2115.7488
cog.000181	8.0278e-01	1032	828.46896
cog.000182	2.6441e-01	1281	338.70921
cog.000183	3.2495e-01	1401	455.25495
cog.000184	6.1963e-01	2193	1358.84859
cog.000185	9.8954e-01	2073	2051.31642
cog.000186	5.4989e-01	762	419.01618
cog.000187	1.1091e+00	1878	2082.8898
cog.000188	8.1005e-01	1458	1181.0529
cog.000189	1.0856e+00	597	648.1032
cog.000190	6.1803e-01	3015	1863.36045
cog.000191	7.4119e-01	873	647.05887
cog.000192	1.3228e+00	2352	3111.2256
cog.000193	8.5495e-01	681	582.22095
cog.000194	7.8412e-01	3564	2794.60368
cog.000195	6.9186e-01	1041	720.22626
cog.000196	2.0581e-01	2112	434.67072
cog.000197	5.7602e-01	336	193.54272
cog.000198	8.5159e-01	825	702.56175
cog.000199	1.4148e+00	774	1095.0552
cog.000200	4.6340e-01	1875	868.875
cog.000201	1.0195e+00	624	636.168
cog.000202	9.4517e-01	3603	3405.44751
cog.000203	7.1912e-01	1275	916.878
cog.000204	6.9983e-01	693	484.98219
cog.000205	5.5479e-01	1161	644.11119
cog.000206	9.3842e-01	510	478.5942
cog.000207	6.2658e-01	1530	958.6674
cog.000208	7.5156e-01	1407	1057.44492
cog.000209	7.4720e-01	1122	838.3584
cog.000210	1.0856e+00	1830	1986.648
cog.000211	6.5642e-01	2154	1413.92868
cog.000212	7.8757e-01	831	654.47067
cog.000213	1.0300e+00	858	883.74
cog.000214	1.0082e+00	702	707.7564
cog.000215	1.2553e+00	1203	1510.1259
cog.000216	6.1259e-01	480	294.0432
cog.000217	6.3579e-01	849	539.78571
cog.000218	5.2857e-01	2757	1457.26749
cog.000219	1.2598e+00	1062	1337.9076
cog.000220	1.0265e+00	1428	1465.842
cog.000221	8.0246e-01	750	601.845
cog.000222	6.2842e-01	2745	1725.0129
cog.000223	5.5553e-01	933	518.30949
cog.000224	5.2514e-01	1266	664.82724
cog.000225	5.8206e-01	2427	1412.65962
cog.000226	5.7164e-01	1554	888.32856
cog.000227	8.5245e-01	1464	1247.9868
cog.000228	5.7863e-01	837	484.31331
cog.000229	5.2123e-01	882	459.72486
cog.000230	6.4020e-01	465	297.693
cog.000231	1.0837e+00	993	1076.1141
cog.000232	7.6509e-01	1593	1218.78837
cog.000233	5.0732e-01	1095	555.5154
cog.000234	6.7636e-01	1350	913.086
cog.000235	4.7357e-01	1356	642.16092
cog.000236	4.6178e-01	1065	491.7957
cog.000237	1.1007e+00	1344	1479.3408
cog.000238	5.8664e-01	1509	885.23976
cog.000239	5.1748e-01	2970	1536.9156
cog.000240	5.5149e-01	1188	655.17012
cog.000241	1.3426e+00	786	1055.2836
cog.000242	4.7410e-01	1059	502.0719
cog.000243	5.9205e-01	1701	1007.07705
cog.000244	1.0036e+00	1272	1276.5792
cog.000245	8.5815e-01	690	592.1235
cog.000246	7.2211e-01	573	413.76903
cog.000247	8.1454e-01	888	723.31152
cog.000248	8.3503e-01	1890	1578.2067
cog.000249	8.6981e-01	1056	918.51936
cog.000250	6.3021e-01	1272	801.62712
cog.000251	9.7516e-01	714	696.26424
cog.000252	9.2406e-01	1230	1136.5938
cog.000253	3.6744e-01	1488	546.75072
cog.000254	4.0908e-01	1398	571.89384
cog.000255	8.0240e-01	1488	1193.9712
cog.000256	1.1364e+00	1461	1660.2804
cog.000257	9.7951e-01	969	949.14519
cog.000258	4.8991e-01	1512	740.74392
cog.000259	7.8467e-01	1296	1016.93232
cog.000260	1.0310e+00	1314	1354.734
cog.000261	1.2059e+00	717	864.6303
cog.000262	1.0127e+00	1275	1291.1925
cog.000263	4.9420e-01	2316	1144.5672
cog.000264	6.8395e-01	2514	1719.4503
cog.000265	5.2513e-01	801	420.62913
cog.000266	4.7572e-01	1506	716.43432
cog.000267	7.9883e-01	1263	1008.92229
cog.000268	1.2855e+00	789	1014.2595
cog.000269	1.2393e+00	678	840.2454
cog.000270	8.2611e-01	675	557.62425
cog.000271	6.1260e-01	2298	1407.7548
cog.000272	5.5625e-01	1341	745.93125
cog.000273	5.7008e-01	831	473.73648
cog.000274	9.5812e-01	1257	1204.35684
cog.000275	1.1195e+00	1476	1652.382
cog.000276	1.0624e+00	1116	1185.6384
cog.000277	1.3564e+00	780	1057.992
cog.000278	5.4792e-01	1296	710.10432
cog.000279	1.0521e+00	1395	1467.6795
cog.000280	5.9244e-01	2412	1428.96528
cog.000281	1.5145e+00	474	717.873
cog.000282	8.7115e-01	1068	930.3882
cog.000283	8.9738e-01	696	624.57648
cog.000284	5.0872e-01	555	282.3396
cog.000285	8.2615e-01	690	570.0435
cog.000286	1.0042e+00	867	870.6414
cog.000287	1.1638e+00	3117	3627.5646
cog.000288	4.7897e-01	1335	639.42495
cog.000289	6.0526e-01	756	457.57656
cog.000290	7.8831e-01	1422	1120.97682
cog.000291	8.4083e-01	1371	1152.77793
cog.000292	5.9950e-01	1341	803.9295
cog.000293	7.8873e-01	1728	1362.92544
cog.000294	5.9402e-01	1728	1026.46656
cog.000295	8.1041e-01	1197	970.06077
cog.000296	4.3841e-01	1179	516.88539
cog.000297	8.0310e-01	885	710.7435
cog.000298	3.1818e-01	1635	520.2243
cog.000299	1.0488e+00	1299	1362.3912
cog.000300	9.4859e-01	1197	1135.46223
cog.000301	5.6643e-01	2340	1325.4462
cog.000302	1.2549e+00	1707	2142.1143
cog.000303	6.2408e-01	3654	2280.38832
cog.000304	7.8079e-01	753	587.93487
cog.000305	8.9241e-01	318	283.78638
cog.000306	6.0145e-01	1554	934.6533
cog.000307	8.4471e-01	1116	942.69636
cog.000308	6.4378e-01	3705	2385.2049
cog.000309	1.0991e+00	1632	1793.7312
cog.000310	7.4366e-01	1191	885.69906
cog.000311	9.3094e-01	726	675.86244
cog.000312	8.9622e-01	825	739.3815
cog.000313	8.6773e-01	813	705.46449
cog.000314	7.4713e-01	936	699.31368
cog.000315	6.7050e-01	1374	921.267
cog.000316	7.5492e-01	1002	756.42984
cog.000317	5.3309e-01	1146	610.92114
cog.000318	4.6563e-01	228	106.16364
cog.000319	9.7997e-01	1482	1452.31554
cog.000320	2.6004e-01	2160	561.6864
cog.000321	1.0344e+00	1074	1110.9456
cog.000322	5.0522e-01	1677	847.25394
cog.000323	7.2345e-01	1149	831.24405
cog.000324	6.5091e-01	1158	753.75378
cog.000325	8.6982e-01	3693	3212.24526
cog.000326	4.1559e-01	732	304.21188
cog.000327	9.3559e-01	468	437.85612
cog.000328	8.2417e-01	1446	1191.74982
cog.000329	6.3442e-01	1008	639.49536
cog.000330	5.3033e-01	1182	626.85006
cog.000331	7.6225e-01	1356	1033.611
cog.000332	8.1064e-01	753	610.41192
cog.000333	9.9383e-01	1101	1094.20683
cog.000334	4.7939e-01	999	478.91061
cog.000335	9.9603e-01	1017	1012.96251
cog.000336	1.0489e+00	1704	1787.3256
cog.000337	1.0249e+00	1320	1352.868
cog.000338	9.3774e-01	1377	1291.26798
cog.000339	8.1827e-01	1182	967.19514
cog.000340	1.0058e+00	432	434.5056
cog.000341	4.3954e-01	2985	1312.0269
cog.000342	2.5473e-01	3969	1011.02337
cog.000343	5.9233e-01	2214	1311.41862
cog.000344	1.7417e+00	942	1640.6814
cog.000345	1.2747e+00	1107	1411.0929
cog.000346	6.9741e-01	1653	1152.81873
cog.000347	6.3719e-01	1224	779.92056
cog.000348	7.6101e-01	1029	783.07929
cog.000349	4.8207e-01	1593	767.93751
cog.000350	9.0519e-01	927	839.11113
cog.000351	5.6846e-01	2592	1473.44832
cog.000352	5.4646e-01	1923	1050.84258
cog.000353	5.7424e-01	2010	1154.2224
cog.000354	7.6637e-01	705	540.29085
cog.000355	4.6446e-01	1269	589.39974
cog.000356	5.8186e-01	519	301.98534
cog.000357	3.5468e-01	1638	580.96584
cog.000358	8.2221e-01	1221	1003.91841
cog.000359	6.4120e-01	732	469.3584
cog.000360	6.4030e-01	1092	699.2076
cog.000361	6.5258e-01	567	370.01286
cog.000362	7.6707e-01	861	660.44727
cog.000363	1.3118e+00	774	1015.3332
cog.000364	7.9051e-01	1074	849.00774
cog.000365	4.1349e-01	951	393.22899
cog.000366	4.6411e-01	2286	1060.95546
cog.000367	4.8352e-01	1092	528.00384
cog.000368	6.3654e-01	1194	760.02876
cog.000369	5.2242e-01	960	501.5232
cog.000370	9.0549e-01	327	296.09523
cog.000371	3.2544e-01	969	315.35136
cog.000372	5.0100e-01	1728	865.728
cog.000373	8.7513e-01	735	643.22055
cog.000374	7.6743e-01	4365	3349.83195
cog.000375	7.0391e-01	1731	1218.46821
cog.000376	6.7382e-01	519	349.71258
cog.000377	5.0023e-01	540	270.1242
cog.000378	8.1542e-01	2094	1707.48948
cog.000379	5.0097e-01	897	449.37009
cog.000380	4.5339e-01	1290	584.8731
cog.000381	7.5298e-01	1509	1136.24682
cog.000382	5.1665e-01	1767	912.92055
cog.000383	4.6737e-01	747	349.12539
cog.000384	5.5713e-01	606	337.62078
cog.000385	8.1104e-01	1263	1024.34352
cog.000386	6.8207e-01	1014	691.61898
cog.000387	7.6568e-01	933	714.37944
cog.000388	5.3728e-01	900	483.552
cog.000389	6.6898e-01	975	652.2555
cog.000390	6.2662e-01	1005	629.7531
cog.000391	5.6227e-01	777	436.88379
cog.000392	1.0545e+00	846	892.107
cog.000393	5.5831e-01	765	427.10715
cog.000394	4.9802e-01	1461	727.60722
cog.000395	3.5115e-01	1332	467.7318
cog.000396	9.3565e-01	846	791.5599
cog.000397	5.4922e-01	1779	977.06238
cog.000398	4.5584e-01	1020	464.9568
cog.000399	7.1309e-01	912	650.33808
cog.000400	6.1225e-01	1401	857.76225
cog.000401	4.3773e-01	441	193.03893
cog.000402	7.4388e-01	1251	930.59388
cog.000403	5.7447e-01	1125	646.27875
cog.000404	4.3194e-01	1188	513.14472
cog.000405	5.0351e-01	1344	676.71744
cog.000406	8.4390e-01	1293	1091.1627
cog.000407	1.0337e+00	1281	1324.1697
cog.000408	7.7748e-01	672	522.46656
cog.000409	3.9210e-01	1860	729.306
cog.000410	3.5801e-01	2514	900.03714
cog.000411	4.4681e-01	1557	695.68317
cog.000412	5.1762e-01	369	191.00178
cog.000413	5.0384e-01	561	282.65424
cog.000414	4.1430e-01	1956	810.3708
cog.000415	6.4600e-01	954	616.284
cog.000416	6.1681e-01	870	536.6247
cog.000417	8.7452e-01	552	482.73504
cog.000418	8.0119e-01	1413	1132.08147
cog.000419	8.3405e-01	2787	2324.49735
cog.000420	8.6356e-01	396	341.96976
cog.000421	8.8607e-01	1578	1398.21846
cog.000422	1.0986e+00	1740	1911.564
cog.000423	1.8396e-01	306	56.29176
cog.000424	9.8954e-01	1971	1950.38334
cog.000425	4.0275e-01	2139	861.48225
cog.000426	1.1353e+00	684	776.5452
cog.000427	4.1641e-01	891	371.02131
cog.000428	8.1636e-01	1608	1312.70688
cog.000429	5.0649e-01	1242	629.06058
cog.000430	6.6994e-01	933	625.05402
cog.000431	7.4225e-01	1743	1293.74175
cog.000432	9.2824e-01	543	504.03432
cog.000433	8.1292e-01	588	477.99696
cog.000434	3.0192e-01	546	164.84832
cog.000435	7.3437e-01	822	603.65214
cog.000436	7.5069e-01	1668	1252.15092
cog.000437	7.4793e-01	954	713.52522
cog.000438	6.9616e-01	645	449.0232
cog.000439	5.9620e-01	1065	634.953
cog.000440	7.3079e-01	1050	767.3295
cog.000441	4.8997e-01	1638	802.57086
cog.000442	7.2666e-01	1422	1033.31052
cog.000443	5.2292e-01	1887	986.75004
cog.000444	5.3914e-01	1389	748.86546
cog.000445	1.8035e+00	1764	3181.374
cog.000446	6.4782e-01	1164	754.06248
cog.000447	1.1037e+00	1002	1105.9074
cog.000448	7.1757e-01	1449	1039.75893
cog.000449	1.3317e+00	975	1298.4075
cog.000450	3.9380e-01	1152	453.6576
cog.000451	2.5723e-01	264	67.90872
cog.000452	7.5561e-01	1371	1035.94131
cog.000453	1.2269e+00	1131	1387.6239
cog.000454	6.7985e-01	822	558.8367
cog.000455	3.2067e-01	1122	359.79174
cog.000456	8.0464e-01	717	576.92688
cog.000457	6.9927e-01	870	608.3649
cog.000458	7.1101e-01	1767	1256.35467
cog.000459	4.3940e-01	1047	460.0518
cog.000460	6.7445e-01	612	412.7634
cog.000461	6.0055e-01	711	426.99105
cog.000462	4.8285e-01	3741	1806.34185
cog.000463	6.3368e-01	1566	992.34288
cog.000464	1.1980e+00	993	1189.614
cog.000465	6.3673e-01	873	555.86529
cog.000466	4.7251e-01	513	242.39763
cog.000467	4.5983e-01	543	249.68769
cog.000468	1.0775e+00	999	1076.4225
cog.000469	6.5896e-01	1953	1286.94888
cog.000470	9.5595e-01	960	917.712
cog.000471	6.0742e-01	1122	681.52524
cog.000472	4.4787e-01	900	403.083
cog.000473	6.4228e-01	1716	1102.15248
cog.000474	1.0614e+00	912	967.9968
cog.000475	5.9822e-01	861	515.06742
cog.000476	5.7657e-01	381	219.67317
cog.000477	7.2014e-01	651	468.81114
cog.000478	1.1026e+00	1011	1114.7286
cog.000479	6.1086e-01	672	410.49792
cog.000480	5.0906e-01	729	371.10474
cog.000481	1.1907e+00	705	839.4435
cog.000482	7.3427e-01	1005	737.94135
cog.000483	1.1612e+00	741	860.4492
cog.000484	8.2221e-01	1695	1393.64595
cog.000485	5.7464e-01	1386	796.45104
cog.000486	5.8385e-01	717	418.62045
cog.000487	6.4743e-01	573	370.97739
cog.000488	9.9985e-01	423	422.93655
cog.000489	7.1499e-01	675	482.61825
cog.000490	5.5081e-01	1044	575.04564
cog.000491	8.2672e-01	654	540.67488
cog.000492	5.7754e-01	723	417.56142
cog.000493	5.8744e-01	1626	955.17744
cog.000494	2.2848e-01	600	137.088
cog.000495	1.3008e+00	426	554.1408
cog.000496	7.9500e-01	378	300.51
cog.000497	1.2133e+00	921	1117.4493
cog.000498	3.3781e-01	543	183.43083
cog.000499	7.0913e-01	1728	1225.37664
cog.000500	9.0093e-01	1776	1600.05168
cog.000501	5.1181e-01	684	350.07804
cog.000502	6.7923e-01	1368	929.18664
cog.000503	5.1158e-01	564	288.53112
cog.000504	5.4996e-01	2391	1314.95436
cog.000505	1.2401e+00	1512	1875.0312
cog.000506	7.8468e-01	1821	1428.90228
cog.000507	3.4940e-01	561	196.0134
cog.000508	8.0254e-01	879	705.43266
cog.000509	7.4208e-01	1242	921.66336
cog.000510	7.5430e-01	1413	1065.8259
cog.000511	5.3536e-01	303	162.21408
cog.000512	6.9155e-01	1899	1313.25345
cog.000513	1.1156e+00	990	1104.444
cog.000514	4.1894e-01	504	211.14576
cog.000515	7.7992e-01	609	474.97128
cog.000516	4.5381e-01	2682	1217.11842
cog.000517	5.6664e-01	1113	630.67032
cog.000518	6.8248e-01	2478	1691.18544
cog.000519	5.3574e-01	3777	2023.48998
cog.000520	8.1366e-01	855	695.6793
cog.000521	6.2336e-01	1107	690.05952
cog.000522	5.4351e-01	642	348.93342
cog.000523	3.7957e-01	2070	785.7099
cog.000524	7.3266e-01	1020	747.3132
cog.000525	7.3917e-01	1203	889.22151
cog.000526	6.8770e-01	714	491.0178
cog.000527	8.0109e-01	1494	1196.82846
cog.000528	6.3098e-01	900	567.882
cog.000529	4.2625e-01	2808	1196.91
cog.000530	4.7313e-01	828	391.75164
cog.000531	7.8483e-01	1674	1313.80542
cog.000532	7.6389e-01	666	508.75074
cog.000533	8.0124e-01	669	536.02956
cog.000534	6.0863e-01	858	522.20454
cog.000535	8.4997e-01	1266	1076.06202
cog.000536	6.3217e-01	1152	728.25984
cog.000537	7.2444e-01	5343	3870.68292
cog.000538	6.5158e-01	534	347.94372
cog.000539	6.1417e-01	1620	994.9554
cog.000540	4.8180e-01	2091	1007.4438
cog.000541	6.7081e-01	768	515.18208
cog.000542	3.8735e-01	1461	565.91835
cog.000543	6.6936e-01	894	598.40784
cog.000544	5.7162e-01	1623	927.73926
cog.000545	5.3227e-01	1020	542.9154
cog.000546	7.3015e-01	564	411.8046
cog.000547	4.8163e-01	1374	661.75962
cog.000548	8.9079e-01	1266	1127.74014
cog.000549	7.6080e-01	702	534.0816
cog.000550	4.7168e-01	1035	488.1888
cog.000551	9.5324e-01	1347	1284.01428
cog.000552	7.0974e-01	1032	732.45168
cog.000553	6.9699e-01	1407	980.66493
cog.000554	3.1006e+00	1593	4939.2558
cog.000555	1.1416e+00	801	914.4216
cog.000556	3.7404e-01	1842	688.98168
cog.000557	9.4319e-01	450	424.4355
cog.000558	4.4484e-01	2298	1022.24232
cog.000559	5.9256e-01	681	403.53336
cog.000560	7.4238e-01	1014	752.77332
cog.000561	5.4677e-01	2604	1423.78908
cog.000562	7.6960e-01	1275	981.24
cog.000563	5.2037e-01	2346	1220.78802
cog.000564	8.3455e-01	1764	1472.1462
cog.000565	5.5107e-01	903	497.61621
cog.000566	4.8044e-01	3120	1498.9728
cog.000567	1.0683e+00	1608	1717.8264
cog.000568	7.5522e-01	429	323.98938
cog.000569	7.3944e-01	3444	2546.63136
cog.000570	5.8936e-01	1914	1128.03504
cog.000571	7.4256e-01	573	425.48688
cog.000572	1.1015e+00	714	786.471
cog.000573	5.7509e-01	498	286.39482
cog.000574	7.0753e-01	2229	1577.08437
cog.000575	7.3434e-01	822	603.62748
cog.000576	1.2881e+00	1173	1510.9413
cog.000577	1.0637e+00	906	963.7122
cog.000578	5.9071e-01	1779	1050.87309
cog.000579	9.3420e-01	648	605.3616
cog.000580	5.7484e-01	1077	619.10268
cog.000581	1.2025e+00	1137	1367.2425
cog.000582	2.4976e-01	1638	409.10688
cog.000583	5.8369e-01	1053	614.62557
cog.000584	5.7875e-01	1680	972.3
cog.000585	7.5012e-01	5247	3935.87964
cog.000586	9.6061e-01	717	688.75737
cog.000587	1.1590e+00	771	893.589
cog.000588	9.0624e-01	597	541.02528
cog.000589	4.3532e-01	1089	474.06348
cog.000590	6.8973e-01	1146	790.43058
cog.000591	3.4420e-01	3336	1148.2512
cog.000592	7.4465e-01	1140	848.901
cog.000593	4.7669e-01	1497	713.60493
cog.000594	7.9186e-01	1074	850.45764
cog.000595	3.3829e-01	816	276.04464
cog.000596	9.0035e-01	804	723.8814
cog.000597	4.7185e-01	864	407.6784
cog.000598	6.7396e-01	468	315.41328
cog.000599	8.0657e-01	1137	917.07009
cog.000600	9.0897e-01	1623	1475.25831
cog.000601	4.3190e-01	1272	549.3768
cog.000602	4.0455e-01	1020	412.641
cog.000603	2.3011e-01	369	84.91059
cog.000604	8.7075e-01	483	420.57225
cog.000605	8.2785e-01	1317	1090.27845
cog.000606	1.1634e+00	1287	1497.2958
cog.000607	4.0939e-01	1290	528.1131
cog.000608	5.1435e-01	1437	739.12095
cog.000609	6.2784e-01	1704	1069.83936
cog.000610	6.3979e-01	735	470.24565
cog.000611	8.9670e-01	1359	1218.6153
cog.000612	6.2376e-01	342	213.32592
cog.000613	4.3865e-01	681	298.72065
cog.000614	6.4958e-01	291	189.02778
cog.000615	7.1090e-01	696	494.7864
cog.000616	8.8319e-01	3390	2994.0141
cog.000617	5.8739e-01	996	585.04044
cog.000618	5.0469e-01	633	319.46877
cog.000619	9.4244e-01	1242	1170.51048
cog.000620	9.7777e-01	597	583.72869
cog.000621	6.2265e-01	1440	896.616
cog.000622	8.8047e-01	729	641.86263
cog.000623	7.3702e-01	1020	751.7604
cog.000624	5.9628e-01	1227	731.63556
cog.000625	6.4051e-01	603	386.22753
cog.000626	9.4884e-01	1005	953.5842
cog.000627	7.5140e-01	579	435.0606
cog.000628	5.2143e-01	2703	1409.42529
cog.000629	4.4136e-01	1272	561.40992
cog.000630	5.0484e-01	3195	1612.9638
cog.000631	1.1569e+00	1254	1450.7526
cog.000632	6.2995e-01	1101	693.57495
cog.000633	2.6173e-01	1242	325.06866
cog.000634	8.1279e-01	822	668.11338
cog.000635	2.2483e-01	3510	789.1533
cog.000636	5.7204e-01	948	542.29392
cog.000637	1.1523e+00	903	1040.5269
cog.000638	4.1864e-01	2289	958.26696
cog.000639	6.7420e-01	1668	1124.5656
cog.000640	1.1225e+00	696	781.26
cog.000641	9.7887e-01	1095	1071.86265
cog.000642	1.2255e+00	609	746.3295
cog.000643	5.3947e-01	1182	637.65354
cog.000644	4.4357e-01	1143	507.00051
cog.000645	1.0209e+00	1428	1457.8452
cog.000646	5.9175e-01	1005	594.70875
cog.000647	1.1271e+00	1419	1599.3549
cog.000648	7.7431e-01	3510	2717.8281
cog.000649	8.8102e-01	510	449.3202
cog.000650	3.8881e-01	3099	1204.92219
cog.000651	8.4079e-01	2058	1730.34582
cog.000652	8.0777e-01	600	484.662
cog.000653	6.9346e-01	519	359.90574
cog.000654	8.4499e-01	2004	1693.35996
cog.000655	9.0921e-01	630	572.8023
cog.000656	5.0732e-01	297	150.67404
cog.000657	7.5590e-01	948	716.5932
cog.000658	7.2053e-01	276	198.86628
cog.000659	2.7296e-01	564	153.94944
cog.000660	9.2529e-01	567	524.63943
cog.000661	4.1775e-01	1101	459.94275
cog.000662	4.0321e-01	1053	424.58013
cog.000663	5.7115e-01	1371	783.04665
cog.000664	3.2153e-01	828	266.22684
cog.000665	6.4823e-01	873	565.90479
cog.000666	4.6146e-01	1677	773.86842
cog.000667	1.0219e+00	588	600.8772
cog.000668	5.3573e-01	429	229.82817
cog.000669	6.6715e-01	843	562.40745
cog.000670	8.0320e-01	1191	956.6112
cog.000671	6.4534e-01	681	439.47654
cog.000672	6.6628e-01	1446	963.44088
cog.000673	7.3499e-01	1098	807.01902
cog.000674	6.6285e-01	867	574.69095
cog.000675	6.6011e-01	873	576.27603
cog.000676	8.6736e-01	522	452.76192
cog.000677	7.2059e-01	942	678.79578
cog.000678	7.1974e-01	3627	2610.49698
cog.000679	1.6103e+00	1962	3159.4086
cog.000680	5.4500e-01	1632	889.44
cog.000681	9.9886e-01	1284	1282.53624
cog.000682	5.3472e-01	2475	1323.432
cog.000683	8.5765e-01	987	846.50055
cog.000684	5.3777e-01	381	204.89037
cog.000685	1.0219e+00	1299	1327.4481
cog.000686	4.0958e-01	1845	755.6751
cog.000687	5.9893e-01	1689	1011.59277
cog.000688	5.8492e-01	1107	647.50644
cog.000689	5.4209e-01	1002	543.17418
cog.000690	6.2394e-01	564	351.90216
cog.000691	7.0090e-01	696	487.8264
cog.000692	8.8591e-01	768	680.37888
cog.000693	6.5387e-01	3513	2297.04531
cog.000694	3.1159e-01	1413	440.27667
cog.000695	8.5032e-01	1626	1382.62032
cog.000696	6.7046e-01	762	510.89052
cog.000697	4.0272e-01	1206	485.68032
cog.000698	6.0558e-01	1875	1135.4625
cog.000699	5.0234e-01	873	438.54282
cog.000700	4.9056e-01	1866	915.38496
cog.000701	6.6656e-01	1110	739.8816
cog.000702	8.5855e-01	681	584.67255
cog.000703	9.8772e-01	1629	1608.99588
cog.000704	4.0985e-01	657	269.27145
cog.000705	4.4209e-01	1023	452.25807
cog.000706	3.1291e-01	1203	376.43073
cog.000707	5.0783e-01	876	444.85908
cog.000708	7.9587e-01	960	764.0352
cog.000709	6.3674e-01	1080	687.6792
cog.000710	4.0340e-01	3933	1586.5722
cog.000711	8.3980e-01	2925	2456.415
cog.000712	6.7917e-01	189	128.36313
cog.000713	7.8908e-01	4593	3624.24444
cog.000714	5.3363e-01	912	486.67056
cog.000715	1.1105e+00	1407	1562.4735
cog.000716	4.2734e-01	408	174.35472
cog.000717	8.1282e-01	645	524.2689
cog.000718	1.0195e+00	1299	1324.3305
cog.000719	6.4425e-01	627	403.94475
cog.000720	6.1653e-01	1914	1180.03842
cog.000721	2.2106e-01	1188	262.61928
cog.000722	3.8336e-01	978	374.92608
cog.000723	9.6344e-01	498	479.79312
cog.000724	5.9924e-01	546	327.18504
cog.000725	5.5809e-01	1218	679.75362
cog.000726	6.6850e-01	1059	707.9415
cog.000727	8.5299e-01	906	772.80894
cog.000728	9.3092e-01	1296	1206.47232
cog.000729	1.1066e+00	651	720.3966
cog.000730	6.3123e-01	510	321.9273
cog.000731	6.7609e-01	1140	770.7426
cog.000732	3.8652e-01	1647	636.59844
cog.000733	9.3875e-01	594	557.6175
cog.000734	4.9419e-01	831	410.67189
cog.000735	1.3007e+00	1392	1810.5744
cog.000736	5.3410e-01	423	225.9243
cog.000737	8.3334e-01	585	487.5039
cog.000738	4.5567e-01	672	306.21024
cog.000739	4.6879e-01	1173	549.89067
cog.000740	7.8863e-01	807	636.42441
cog.000741	8.6774e-01	3777	3277.45398
cog.000742	4.2738e-01	492	210.27096
cog.000743	8.7374e-01	1413	1234.59462
cog.000744	6.2872e-01	3138	1972.92336
cog.000745	6.8624e-01	684	469.38816
cog.000746	8.0378e-01	1641	1319.00298
cog.000747	6.4429e-01	1014	653.31006
cog.000748	9.1281e-01	1179	1076.20299
cog.000749	5.5441e-01	1092	605.41572
cog.000750	6.3485e-01	2007	1274.14395
cog.000751	9.0497e-01	666	602.71002
cog.000752	6.1464e-01	546	335.59344
cog.000753	9.2026e-01	1335	1228.5471
cog.000754	7.1532e-01	1599	1143.79668
cog.000755	5.0575e-01	528	267.036
cog.000756	8.8655e-01	1908	1691.5374
cog.000757	6.2703e-01	891	558.68373
cog.000758	5.3029e-01	1629	863.84241
cog.000759	5.3964e-01	1560	841.8384
cog.000760	8.5010e-01	1263	1073.6763
cog.000761	4.1609e-01	1911	795.14799
cog.000762	5.9483e-01	1245	740.56335
cog.000763	6.2138e-01	1569	974.94522
cog.000764	7.7993e-01	762	594.30666
cog.000765	3.3557e-01	1377	462.07989
cog.000766	6.4325e-01	759	488.22675
cog.000767	6.1419e-01	552	339.03288
cog.000768	8.3625e-01	909	760.15125
cog.000769	6.8336e-01	480	328.0128
cog.000770	7.6923e-01	300	230.769
cog.000771	7.4096e-01	519	384.55824
cog.000772	4.0066e-01	1143	457.95438
cog.000773	5.9619e-01	513	305.84547
cog.000774	6.8161e-01	1284	875.18724
cog.000775	7.6665e-01	1662	1274.1723
cog.000776	2.5030e-01	1821	455.7963
cog.000777	7.6808e-01	762	585.27696
cog.000778	8.8474e-01	762	674.17188
cog.000779	2.7885e-01	609	169.81965
cog.000780	1.2268e+00	549	673.5132
cog.000781	5.5727e-01	408	227.36616
cog.000782	6.4440e-01	603	388.5732
cog.000783	3.8786e-01	849	329.29314
cog.000784	4.7694e-01	999	476.46306
cog.000785	8.2822e-01	876	725.52072
cog.000786	5.9234e-01	705	417.5997
cog.000787	5.2399e-01	1656	867.72744
cog.000788	5.7763e-01	1503	868.17789
cog.000789	1.0785e+00	2535	2733.9975
cog.000790	6.6952e-01	321	214.91592
cog.000791	6.0179e-01	1752	1054.33608
cog.000792	3.7760e-01	1827	689.8752
cog.000793	2.0419e-01	1866	381.01854
cog.000794	4.3594e-01	741	323.03154
cog.000795	1.1187e+00	1161	1298.8107
cog.000796	2.6727e-01	1197	319.92219
cog.000797	1.0116e+00	1110	1122.876
cog.000798	6.8664e-01	930	638.5752
cog.000799	3.4542e-01	789	272.53638
cog.000800	9.7305e-01	528	513.7704
cog.000801	4.5382e-01	957	434.30574
cog.000802	5.8563e-01	711	416.38293
cog.000803	7.8245e-01	624	488.2488
cog.000804	6.9221e-01	783	542.00043
cog.000805	7.0696e-01	564	398.72544
cog.000806	4.7355e-01	1497	708.90435
cog.000807	1.0758e+00	1098	1181.2284
cog.000808	1.8416e-01	414	76.24224
cog.000809	3.3980e-01	1623	551.4954
cog.000810	4.2751e-01	1044	446.32044
cog.000811	9.8071e-01	609	597.25239
cog.000812	1.8484e-01	219	40.47996
cog.000813	2.5363e-01	444	112.61172
cog.000814	3.8298e-01	954	365.36292
cog.000815	5.2321e-01	2406	1258.84326
cog.000816	4.0257e-01	2508	1009.64556
cog.000817	8.4526e-01	1593	1346.49918
cog.000818	1.0113e+00	441	445.9833
cog.000819	3.4651e-01	1437	497.93487
cog.000820	2.2299e-01	1011	225.44289
cog.000821	5.2942e-01	1230	651.1866
cog.000822	4.5263e-01	1128	510.56664
cog.000823	4.6349e-01	1443	668.81607
cog.000824	6.5763e-01	957	629.35191
cog.000825	7.5475e-01	1812	1367.607
cog.000826	5.9970e-01	573	343.6281
cog.000827	1.2534e+00	918	1150.6212
cog.000828	3.8052e-01	1356	515.98512
cog.000829	1.0254e+00	2142	2196.4068
cog.000830	8.2444e-01	987	813.72228
cog.000831	5.7934e-01	2607	1510.33938
cog.000832	2.1788e-01	549	119.61612
cog.000833	7.2812e-01	309	224.98908
cog.000834	8.2544e-01	990	817.1856
cog.000835	6.9093e-01	930	642.5649
cog.000836	6.0230e-01	450	271.035
cog.000837	8.8895e-01	1233	1096.07535
cog.000838	7.6727e-01	678	520.20906
cog.000839	7.4946e-01	1227	919.58742
cog.000840	9.9224e-01	915	907.8996
cog.000841	6.5251e-01	660	430.6566
cog.000842	5.0802e-01	753	382.53906
cog.000843	7.8630e-01	984	773.7192
cog.000844	5.2310e-01	1038	542.9778
cog.000845	5.1029e-01	972	496.00188
cog.000846	7.4823e-01	1155	864.20565
cog.000847	4.6134e-01	759	350.15706
cog.000848	5.7513e-01	864	496.91232
cog.000849	5.9078e-01	462	272.94036
cog.000850	3.7651e-01	468	176.20668
cog.000851	1.1211e+00	327	366.5997
cog.000852	6.2738e-01	1008	632.39904
cog.000853	9.0523e-01	1449	1311.67827
cog.000854	2.4896e-01	930	231.5328
cog.000855	3.2103e-01	612	196.47036
cog.000856	6.0960e-01	1236	753.4656
cog.000857	1.1286e+00	1560	1760.616
cog.000858	4.3246e-01	543	234.82578
cog.000859	5.7533e-01	915	526.42695
cog.000860	1.9548e-01	384	75.06432
cog.000861	6.6203e-01	615	407.14845
cog.000862	3.9248e-01	2058	807.72384
cog.000863	5.1769e-01	1524	788.95956
cog.000864	5.0858e-01	2637	1341.12546
cog.000865	2.7791e-01	852	236.77932
cog.000866	4.3412e-01	417	181.02804
cog.000867	5.5084e-01	1137	626.30508
cog.000868	7.5662e-01	909	687.76758
cog.000869	9.1577e-01	585	535.72545
cog.000870	3.8407e-01	1275	489.68925
cog.000871	3.7821e-01	270	102.1167
cog.000872	2.6686e-01	468	124.89048
cog.000873	4.6743e-01	1518	709.55874
cog.000874	1.0569e+00	942	995.5998
cog.000875	3.0645e-01	267	81.82215
cog.000876	8.2027e-01	1419	1163.96313
cog.000877	6.5471e-01	1413	925.10523
cog.000878	7.3748e-01	777	573.02196
cog.000879	7.8921e-01	1068	842.87628
cog.000880	4.0713e-01	564	229.62132
cog.000881	9.8418e-01	1521	1496.93778
cog.000882	9.3213e-01	960	894.8448
cog.000883	4.9837e-01	936	466.47432
cog.000884	7.4587e-01	1137	848.05419
cog.000885	4.3298e-01	315	136.3887
cog.000886	6.4927e-01	1755	1139.46885
cog.000887	4.8648e-01	438	213.07824
cog.000888	4.7613e-01	939	447.08607
cog.000889	7.2077e-01	648	467.05896
cog.000890	4.0812e-01	930	379.5516
cog.000891	1.2688e+00	2013	2554.0944
cog.000892	1.1862e+00	1014	1202.8068
cog.000893	2.7023e-01	1698	458.85054
cog.000894	6.9196e-01	912	631.06752
cog.000895	4.7338e-01	918	434.56284
cog.000896	8.7703e-01	945	828.79335
cog.000897	6.8296e-01	942	643.34832
cog.000898	7.7546e-01	621	481.56066
cog.000899	8.0971e-01	459	371.65689
cog.000900	3.1780e-01	786	249.7908
cog.000901	6.7775e-01	990	670.9725
cog.000902	5.8547e-01	543	317.91021
cog.000903	8.9739e-01	1263	1133.40357
cog.000904	6.6589e-01	1974	1314.46686
cog.000905	9.3831e-01	582	546.09642
cog.000906	7.7264e-01	1365	1054.6536
cog.000907	5.1890e-01	954	495.0306
cog.000908	2.7852e-01	2811	782.91972
cog.000909	6.2186e-01	303	188.42358
cog.000910	4.7858e-01	816	390.52128
cog.000911	6.0866e-01	480	292.1568
cog.000912	4.8799e-01	1110	541.6689
cog.000913	8.6029e-01	1080	929.1132
cog.000914	7.8391e-01	810	634.9671
cog.000915	6.8848e-01	453	311.88144
cog.000916	7.3151e-01	672	491.57472
cog.000917	1.0372e+00	477	494.7444
cog.000918	7.0550e-01	1308	922.794
cog.000919	5.3251e-01	423	225.25173
cog.000920	2.5873e-01	522	135.05706
cog.000921	2.6340e-01	2130	561.042
cog.000922	1.0128e+00	216	218.7648
cog.000923	5.3757e-01	831	446.72067
cog.000924	5.6715e-01	486	275.6349
cog.000925	1.0952e+00	1362	1491.6624
cog.000926	6.5485e-01	204	133.5894
cog.000927	1.3535e+00	1023	1384.6305
cog.000928	2.0300e-03	1515	3.07545
cog.000929	2.9389e-01	1032	303.29448
cog.000930	4.7913e-01	315	150.92595
cog.000931	7.4085e-01	1101	815.67585
cog.000932	6.5259e-01	873	569.71107
cog.000933	8.8953e-01	378	336.24234
cog.000934	4.6657e-01	768	358.32576
cog.000935	7.7589e-01	966	749.50974
cog.000936	4.3929e-01	1389	610.17381
cog.000937	7.7975e-01	483	376.61925
cog.000938	1.0291e+00	1047	1077.4677
cog.000939	3.6141e-01	1386	500.91426
cog.000940	1.0589e+00	1134	1200.7926
cog.000941	7.3762e-01	1029	759.01098
cog.000942	5.4631e-01	429	234.36699
cog.000943	7.4428e-01	474	352.78872
cog.000944	6.4413e-01	840	541.0692
cog.000945	3.4506e-01	1263	435.81078
cog.000946	9.5994e-01	708	679.63752
cog.000947	3.7039e-01	1047	387.79833
cog.000948	6.3845e-01	1116	712.5102
cog.000949	3.4439e-01	1485	511.41915
cog.000950	3.6384e-01	1482	539.21088
cog.000951	1.1952e+00	1185	1416.312
cog.000952	6.4433e-01	1491	960.69603
cog.000953	8.0969e-01	933	755.44077
cog.000954	9.8619e-01	753	742.60107
cog.000955	3.6568e-01	432	157.97376
cog.000956	9.5868e-01	480	460.1664
cog.000957	5.2708e-01	621	327.31668
cog.000958	6.7001e-01	957	641.19957
cog.000959	7.9214e-01	1011	800.85354
cog.000960	5.1999e-01	348	180.95652
cog.000961	6.9018e-01	429	296.08722
cog.000962	3.8349e-01	1584	607.44816
cog.000963	4.9383e-01	1278	631.11474
cog.000964	2.4339e-01	405	98.57295
cog.000965	1.1582e+00	1281	1483.6542
cog.000966	6.3667e-01	1197	762.09399
cog.000967	6.6092e-01	1194	789.13848
cog.000968	4.1304e-01	900	371.736
cog.000969	3.5261e-01	807	284.55627
cog.000970	5.1771e-01	771	399.15441
cog.000971	5.4472e-01	246	134.00112
cog.000972	3.0438e-01	2310	703.1178
cog.000973	6.2707e-01	1143	716.74101
cog.000974	7.7141e-01	375	289.27875
cog.000975	4.5114e-01	780	351.8892
cog.000976	6.2580e-01	648	405.5184
cog.000977	4.6821e-01	381	178.38801
cog.000978	8.1796e-01	657	537.39972
cog.000979	8.0218e-01	879	705.11622
cog.000980	6.0989e-01	1275	777.60975
cog.000981	5.4154e-01	798	432.14892
cog.000982	4.1567e-01	1050	436.4535
cog.000983	1.7175e-01	1293	222.07275
cog.000984	5.6433e-01	477	269.18541
cog.000985	4.3576e-01	372	162.10272
cog.000986	7.3048e-01	1485	1084.7628
cog.000987	2.9069e-01	1149	334.00281
cog.000988	2.5122e-01	369	92.70018
cog.000989	3.2484e-01	405	131.5602
cog.000990	5.0501e-01	669	337.85169
cog.000991	9.1330e-01	951	868.5483
cog.000992	3.5118e-01	738	259.17084
cog.000993	6.4085e-01	702	449.8767
cog.000994	5.2036e-01	2220	1155.1992
cog.000995	9.2673e-01	651	603.30123
cog.000996	4.5438e-01	936	425.29968
cog.000997	7.5618e-01	933	705.51594
cog.000998	6.9165e-01	1302	900.5283
cog.000999	1.1372e+00	363	412.8036
cog.001000	6.0637e-01	849	514.80813
cog.001001	8.5955e-01	993	853.53315
cog.001002	5.2122e-01	945	492.5529
cog.001003	4.5939e-01	801	367.97139
cog.001004	6.7400e-01	648	436.752
cog.001005	7.0355e-01	1122	789.3831
cog.001006	1.0469e+00	1056	1105.5264
cog.001007	3.7503e-01	333	124.88499
cog.001008	3.2868e-01	1158	380.61144
cog.001009	9.0754e-01	1071	971.97534
cog.001010	6.7966e-01	675	458.7705
cog.001011	5.8765e-01	879	516.54435
cog.001012	5.5259e-01	927	512.25093
cog.001013	9.7814e-01	843	824.57202
cog.001014	8.2937e-01	1014	840.98118
cog.001015	5.5495e-01	1035	574.37325
cog.001016	8.0489e-01	1368	1101.08952
cog.001017	5.1475e-01	1383	711.89925
cog.001018	8.7934e-01	420	369.3228
cog.001019	3.9684e-01	540	214.2936
cog.001020	6.9500e-01	831	577.545
cog.001021	4.8629e-01	438	212.99502
cog.001022	5.7344e-01	801	459.32544
cog.001023	4.6366e-01	978	453.45948
cog.001024	4.0807e-01	606	247.29042
cog.001025	2.1284e-01	654	139.19736
cog.001026	4.8401e-01	753	364.45953
cog.001027	5.2127e-01	819	426.92013
cog.001028	2.1996e-01	231	50.81076
cog.001029	7.4482e-01	693	516.16026
cog.001030	8.1392e-01	780	634.8576
cog.001031	3.5799e-01	954	341.52246
cog.001032	5.4333e-01	1728	938.87424
cog.001033	5.6297e-01	597	336.09309
cog.001034	3.0892e-01	165	50.9718
cog.001035	6.5130e-01	1323	861.6699
cog.001036	1.0311e+00	762	785.6982
cog.001037	6.0878e-01	1398	851.07444
cog.001038	1.1769e+00	2934	3453.0246
cog.001039	5.3197e-01	2439	1297.47483
cog.001040	4.8349e-01	1893	915.24657
cog.001041	3.8623e-01	693	267.65739
cog.001042	5.8048e-01	507	294.30336
cog.001043	3.6405e-01	1440	524.232
cog.001044	6.1605e-01	165	101.64825
cog.001045	6.2070e-01	813	504.6291
cog.001046	6.2695e-01	504	315.9828
cog.001047	4.6281e-01	1608	744.19848
cog.001048	4.0747e-01	957	389.94879
cog.001049	2.5994e-01	510	132.5694
cog.001050	7.3628e-01	567	417.47076
cog.001051	4.3371e-01	1662	720.82602
cog.001052	5.1248e-01	645	330.5496
cog.001053	5.8651e-01	1272	746.04072
cog.001054	4.9786e-01	612	304.69032
cog.001055	1.3374e+00	987	1320.0138
cog.001056	7.2425e-01	1065	771.32625
cog.001057	4.7305e-01	1464	692.5452
cog.001058	4.2429e-01	2235	948.28815
cog.001059	3.6039e-01	315	113.52285
cog.001060	5.4831e-01	741	406.29771
cog.001061	4.9890e-01	924	460.9836
cog.001062	5.5379e-01	1353	749.27787
cog.001063	5.3371e-01	870	464.3277
cog.001064	6.3814e-01	984	627.92976
cog.001065	9.3380e-01	621	579.8898
cog.001066	3.3453e-01	1209	404.44677
cog.001067	5.6905e-01	297	169.00785
cog.001068	8.1116e-01	879	713.00964
cog.001069	5.1322e-01	378	193.99716
cog.001070	5.9992e-01	1554	932.27568
cog.001071	6.0926e-01	1311	798.73986
cog.001072	5.4833e-01	339	185.88387
cog.001073	7.8966e-01	669	528.28254
cog.001074	1.3701e+00	1323	1812.6423
cog.001075	9.8886e-01	1932	1910.47752
cog.001076	7.6397e-01	1032	788.41704
cog.001077	9.9520e-01	510	507.552
cog.001078	1.0546e+00	534	563.1564
cog.001079	8.4663e-01	468	396.22284
cog.001080	9.1888e-01	1080	992.3904
cog.001081	7.1573e-01	765	547.53345
cog.001082	4.4949e-01	1071	481.40379
cog.001083	6.2100e-01	2412	1497.852
cog.001084	4.6906e-01	366	171.67596
cog.001085	5.9918e-01	900	539.262
cog.001086	6.2934e-01	813	511.65342
cog.001087	3.3278e-01	555	184.6929
cog.001088	7.0572e-01	1161	819.34092
cog.001089	4.4359e-01	1101	488.39259
cog.001090	5.5894e-01	381	212.95614
cog.001091	2.6641e-01	342	91.11222
cog.001092	7.4842e-01	327	244.73334
cog.001093	3.9621e-01	510	202.0671
cog.001094	4.5248e-01	2091	946.13568
cog.001095	5.8967e-01	1218	718.21806
cog.001096	7.0550e-01	297	209.5335
cog.001097	4.6556e-01	690	321.2364
cog.001098	4.7144e-01	615	289.9356
cog.001099	1.0706e+00	990	1059.894
cog.001100	7.2790e-01	1506	1096.2174
cog.001101	3.5328e-01	234	82.66752
cog.001102	4.3402e-01	1329	576.81258
cog.001103	8.5276e-01	570	486.0732
cog.001104	5.9601e-01	1035	616.87035
cog.001105	5.5110e-01	1296	714.2256
cog.001106	8.4381e-01	1341	1131.54921
cog.001107	9.1097e-01	1503	1369.18791
cog.001108	8.1046e-01	579	469.25634
cog.001109	9.2754e-01	696	645.56784
cog.001110	6.6660e-01	630	419.958
cog.001111	6.9563e-01	627	436.16001
cog.001112	4.4013e-01	681	299.72853
cog.001113	5.3468e-01	732	391.38576
cog.001114	5.4660e-01	2127	1162.6182
cog.001115	7.0958e-01	2016	1430.51328
cog.001116	7.8044e-01	234	182.62296
cog.001117	5.0503e-01	1599	807.54297
cog.001118	5.1886e-01	1443	748.71498
cog.001119	5.3627e-01	516	276.71532
cog.001120	2.2899e-01	2031	465.07869
cog.001121	6.6670e-01	1299	866.0433
cog.001122	3.8733e-01	714	276.55362
cog.001123	5.7654e-01	657	378.78678
cog.001124	4.7785e-01	657	313.94745
cog.001125	6.4641e-01	324	209.43684
cog.001126	7.7997e-01	1074	837.68778
cog.001127	7.7738e-01	1035	804.5883
cog.001128	4.4431e-01	741	329.23371
cog.001129	1.0846e+00	1713	1857.9198
cog.001130	2.5899e-01	1287	333.32013
cog.001131	4.4902e-01	936	420.28272
cog.001132	5.9364e-01	882	523.59048
cog.001133	6.3182e-01	1020	644.4564
cog.001134	8.8387e-01	519	458.72853
cog.001135	8.0466e-01	918	738.67788
cog.001136	1.1099e+00	993	1102.1307
cog.001137	9.1172e-01	1416	1290.99552
cog.001138	2.2470e-01	1431	321.5457
cog.001139	4.5131e-01	1062	479.29122
cog.001140	1.1083e+00	576	638.3808
cog.001141	6.0505e-01	804	486.4602
cog.001142	5.5725e-01	2088	1163.538
cog.001143	6.2298e-01	267	166.33566
cog.001144	1.0451e+00	1356	1417.1556
cog.001145	5.2723e-01	531	279.95913
cog.001146	3.2897e-01	690	226.9893
cog.001147	5.8541e-01	264	154.54824
cog.001148	3.6190e-01	1299	470.1081
cog.001149	9.0093e-01	687	618.93891
cog.001150	4.1255e-01	1188	490.1094
cog.001151	9.0005e-01	768	691.2384
cog.001152	7.1674e-01	882	632.16468
cog.001153	6.6135e-01	360	238.086
cog.001154	7.9818e-01	1158	924.29244
cog.001155	1.3072e+00	1143	1494.1296
cog.001156	3.9056e-01	861	336.27216
cog.001157	8.1736e-01	1059	865.58424
cog.001158	7.5086e-01	867	650.99562
cog.001159	4.8243e-01	1374	662.85882
cog.001160	7.9694e-01	1662	1324.51428
cog.001161	2.0203e-01	1011	204.25233
cog.001162	3.9815e-01	522	207.8343
cog.001163	5.2892e-01	426	225.31992
cog.001164	2.1664e-01	297	64.34208
cog.001165	1.2440e-01	303	37.6932
cog.001166	3.4707e-01	1515	525.81105
cog.001167	6.1881e-01	366	226.48446
cog.001168	1.0025e+00	654	655.635
cog.001169	2.7488e-01	579	159.15552
cog.001170	5.2038e-01	741	385.60158
cog.001171	2.7673e-01	192	53.13216
cog.001172	9.8771e-01	225	222.23475
cog.001173	2.5441e-01	279	70.98039
cog.001174	2.0931e-01	324	67.81644
cog.001175	4.6132e-01	282	130.09224
cog.001176	2.9174e-01	480	140.0352
cog.001177	4.1268e-01	963	397.41084
cog.001178	4.4192e-01	1425	629.736
cog.001179	1.6930e-01	303	51.2979
cog.001180	3.1013e-01	201	62.33613
cog.001181	3.5720e-01	156	55.7232
cog.001182	4.3561e-01	456	198.63816
cog.001183	2.0016e-01	744	148.91904
cog.001184	3.5709e-01	204	72.84636
cog.001185	5.8273e-01	918	534.94614
cog.001186	6.0168e-01	162	97.47216
cog.001187	8.0630e-01	1005	810.3315
cog.001188	2.3448e-01	441	103.40568
cog.001189	2.2859e-01	318	72.69162
cog.001190	3.9742e-01	912	362.44704
cog.001191	4.5866e-01	276	126.59016
cog.001192	4.6623e-01	672	313.30656
cog.001193	4.5782e-01	879	402.42378
cog.001194	1.2598e-01	366	46.10868
cog.001195	2.8762e-01	306	88.01172
cog.001196	2.8772e-01	141	40.56852
cog.001197	5.2004e-01	231	120.12924
cog.001198	1.0853e+00	1167	1266.5451
cog.001199	4.2701e-01	699	298.47999
cog.001200	2.7575e-01	339	93.47925
cog.001201	8.3102e-01	789	655.67478
cog.001202	1.4086e-01	300	42.258
cog.001203	4.3132e-01	183	78.93156
cog.001204	3.6982e-01	408	150.88656
cog.001205	6.2545e-01	462	288.9579
cog.001206	4.2421e-01	600	254.526
cog.001207	2.2439e-01	360	80.7804
cog.001208	1.9690e-01	246	48.4374
cog.001209	7.8930e-01	1278	1008.7254
cog.001210	2.6493e-01	447	118.42371
cog.001211	1.4417e-01	162	23.35554
cog.001212	3.3583e-01	1428	479.56524
cog.001213	4.2759e-01	624	266.81616
cog.001214	2.5609e-01	534	136.75206
cog.001215	2.1367e-01	267	57.04989
cog.001216	3.1537e-01	747	235.58139
cog.001217	1.9714e-01	306	60.32484
cog.001218	3.9975e-01	837	334.59075
cog.001219	5.5295e-01	357	197.40315
cog.001220	3.2292e-01	609	196.65828
cog.001221	2.1176e-01	285	60.3516
cog.001222	1.5366e-01	276	42.41016
cog.001223	6.2444e-01	279	174.21876
cog.001224	3.8082e-01	261	99.39402
cog.001225	1.8140e-01	1449	262.8486
cog.001226	5.7571e-01	1263	727.12173
cog.001227	4.2786e-01	279	119.37294
cog.001228	4.1088e-01	330	135.5904
cog.001229	2.2564e-01	99	22.33836
cog.001230	4.4681e-01	276	123.31956
cog.001231	4.2127e-01	612	257.81724
cog.001232	9.7656e-01	186	181.64016
cog.001233	2.9171e-01	381	111.14151
cog.001234	6.4724e-01	189	122.32836
cog.001235	5.1497e-01	201	103.50897
cog.001236	5.2487e-01	696	365.30952
cog.001237	3.5533e-01	471	167.36043
cog.001238	4.1171e-01	240	98.8104
cog.001239	2.6941e-01	1206	324.90846
cog.001240	1.7971e-01	312	56.06952
cog.001241	2.1350e-01	381	81.3435
cog.001242	4.0340e-01	1047	422.3598
cog.001243	5.3536e-01	177	94.75872
cog.001244	8.6281e-01	654	564.27774
cog.001245	6.7692e-01	240	162.4608
cog.001246	6.4738e-01	720	466.1136
cog.001247	1.7424e-01	603	105.06672
cog.001248	2.0183e-01	1461	294.87363
cog.001249	2.3706e-01	840	199.1304
cog.001250	2.1826e-01	234	51.07284
cog.001251	2.6615e-01	654	174.0621
cog.001252	6.2300e-03	330	2.0559
cog.001253	2.9054e-01	240	69.7296
cog.001254	4.6334e-01	363	168.19242
cog.001255	3.1968e-01	798	255.10464
cog.001256	2.8579e-01	408	116.60232
cog.001257	9.6610e-02	120	11.5932
cog.001258	1.2118e-01	1203	145.77954
cog.001259	8.5348e-01	1197	1021.61556
cog.001260	1.0492e-01	672	70.50624
cog.001261	1.2156e-01	753	91.53468
cog.001262	2.3849e-01	702	167.41998
cog.001263	8.8510e-02	774	68.50674
cog.001264	4.8243e-01	831	400.89933
cog.001265	1.3531e-01	1635	221.23185
cog.001266	1.3386e-01	1773	237.33378
cog.001267	1.2260e-01	1143	140.1318
cog.001268	4.9090e-02	1104	54.19536
cog.001269	8.0580e-02	1185	95.4873
cog.001270	6.0204e-01	1518	913.89672
cog.001271	1.5118e+00	1770	2675.886
cog.001272	4.3800e-03	726	3.17988
cog.001273	1.4601e-01	693	101.18493
cog.001274	7.8520e-02	672	52.76544
cog.001275	1.4019e-01	813	113.97447
cog.001276	5.7340e-02	807	46.27338
cog.001277	4.1720e-02	744	31.03968
cog.001278	6.5540e-02	1455	95.3607
cog.001279	1.0043e-01	1155	115.99665
cog.001280	9.9770e-02	864	86.20128
cog.001281	1.5036e-01	915	137.5794
cog.001282	8.1980e-02	1365	111.9027
cog.001283	9.4810e-02	1134	107.51454
cog.001284	6.7217e-01	1671	1123.19607
cog.001285	5.4392e-01	1104	600.48768
cog.001286	9.7130e-02	2403	233.40339
cog.001287	1.7594e-01	1353	238.04682
cog.001288	2.3112e-01	1302	300.91824
cog.001289	3.9766e-01	2220	882.8052
cog.001290	9.9400e-02	804	79.9176
cog.001291	2.6578e-01	801	212.88978
cog.001292	5.4900e-02	1149	63.0801
cog.001293	1.4748e-01	1164	171.66672
cog.001294	6.3810e-02	1890	120.6009
cog.001295	1.7054e-01	1698	289.57692
cog.001296	1.4330e-01	2589	371.0037
cog.001297	8.5270e-02	1146	97.71942
cog.001298	1.2020e-01	2181	262.1562
cog.001299	1.4201e-01	1986	282.03186
cog.001300	1.0700e-01	867	92.769
cog.001301	1.0845e-01	390	42.2955
cog.001302	4.5810e-02	1335	61.15635
cog.001303	1.1192e-01	1575	176.274
cog.001304	1.2965e-01	1050	136.1325
cog.001305	4.2840e-02	1029	44.08236
cog.001306	1.6313e-01	2061	336.21093
cog.001307	6.0100e-02	717	43.0917
cog.001308	3.2200e-03	678	2.18316
cog.001309	9.9050e-02	1008	99.8424
cog.001310	8.7580e-02	1803	157.90674
cog.001311	6.4730e-02	939	60.78147
cog.001312	7.8710e-02	1533	120.66243
cog.001313	4.3400e-03	780	3.3852
cog.001314	1.2378e-01	819	101.37582
cog.001315	4.4770e-02	2703	121.01331
cog.001316	9.3720e-02	2238	209.74536
cog.001317	9.7940e-02	1767	173.05998
cog.001318	1.2290e-02	1002	12.31458
cog.001319	9.2290e-02	669	61.74201
cog.001320	3.7860e-01	1665	630.369
cog.001321	7.4420e-02	1185	88.1877
cog.001322	9.2060e-02	1530	140.8518
cog.001323	1.0301e-01	2391	246.29691
cog.001324	8.5677e-01	1791	1534.47507
cog.001325	1.4087e-01	633	89.17071
cog.001326	1.4465e-01	879	127.14735
cog.001327	7.5049e-01	804	603.39396
cog.001328	1.0982e-01	900	98.838
cog.001329	1.0899e+00	888	967.8312
cog.001330	4.3090e-02	1764	76.01076
cog.001331	6.3600e-02	1515	96.354
cog.001332	1.2020e-01	1047	125.8494
cog.001333	1.3080e-01	1347	176.1876
cog.001334	1.0517e-01	768	80.77056
cog.001335	1.8200e-03	1140	2.0748
cog.001336	7.5810e-02	1668	126.45108
cog.001337	2.6969e-01	972	262.13868
cog.001338	1.4200e-01	828	117.576
cog.001339	3.6571e-01	1014	370.82994
cog.001340	1.5395e-01	1794	276.1863
cog.001341	1.2489e-01	1050	131.1345
cog.001342	4.0320e-02	3348	134.99136
cog.001343	2.1133e-01	555	117.28815
cog.001344	4.8360e-02	834	40.33224
cog.001345	3.9360e-02	795	31.2912
cog.001346	1.6151e-01	1080	174.4308
cog.001347	1.1908e-01	921	109.67268
cog.001348	2.0931e-01	369	77.23539
cog.001349	1.1064e+00	1491	1649.6424
cog.001350	7.4606e-01	480	358.1088
cog.001351	1.2208e-01	1326	161.87808
cog.001352	1.0311e+00	3561	3671.7471
cog.001353	2.0890e-01	639	133.4871
cog.001354	2.5525e-01	927	236.61675
cog.001355	1.9426e-01	975	189.4035
cog.001356	1.4155e+00	1773	2509.6815
cog.001357	2.1312e-01	801	170.70912
cog.001358	9.2220e-02	669	61.69518
cog.001359	2.1294e-01	744	158.42736
cog.001360	1.4260e-02	585	8.3421
cog.001361	3.0753e-01	843	259.24779
cog.001362	7.5660e-02	1047	79.21602
cog.001363	1.9400e-01	1566	303.804
cog.001364	5.4867e-01	3783	2075.61861
cog.001365	1.7972e-01	522	93.81384
cog.001366	1.4399e-01	1551	223.32849
cog.001367	5.4660e-02	1170	63.9522
cog.001368	2.0370e-02	1791	36.48267
cog.001369	1.8996e-01	390	74.0844
cog.001370	1.4569e-01	1290	187.9401
cog.001371	1.1386e-01	1452	165.32472
cog.001372	1.0289e-01	1023	105.25647
cog.001373	1.1632e-01	633	73.63056
cog.001374	1.1843e-01	1272	150.64296
cog.001375	1.6460e-01	303	49.8738
cog.001376	9.8180e-02	1611	158.16798
cog.001377	2.8077e-01	858	240.90066
cog.001378	1.9599e-01	2145	420.39855
cog.001379	2.1544e-01	735	158.3484
cog.001380	5.8620e-02	417	24.44454
cog.001381	1.6997e-01	732	124.41804
cog.001382	8.9280e-02	2145	191.5056
cog.001383	1.1393e-01	1959	223.18887
cog.001384	9.6250e-02	792	76.23
cog.001385	2.4069e-01	330	79.4277
cog.001386	1.2000e-01	1341	160.92
cog.001387	1.3160e-01	576	75.8016
cog.001388	1.2145e+00	1101	1337.1645
cog.001389	8.3550e-02	969	80.95995
cog.001390	5.9500e-02	522	31.059
cog.001391	1.2787e-01	1125	143.85375
cog.001392	1.0039e-01	990	99.3861
cog.001393	1.4353e-01	606	86.97918
cog.001394	1.5497e-01	3879	601.12863
cog.001395	2.3468e-01	1392	326.67456
cog.001396	2.5776e-01	1542	397.46592
cog.001397	8.2600e-02	1950	161.07
cog.001398	1.0156e+00	1650	1675.74
cog.001399	3.9460e-02	1503	59.30838
cog.001400	2.1054e-01	1113	234.33102
cog.001401	1.4937e-01	1113	166.24881
cog.001402	1.0895e-01	843	91.84485
cog.001403	1.8338e-01	945	173.2941
cog.001404	2.3796e-01	3363	800.25948
cog.001405	3.4720e-01	942	327.0624
cog.001406	1.3280e-01	2523	335.0544
cog.001407	1.5780e-01	792	124.9776
cog.001408	1.2473e-01	630	78.5799
cog.001409	3.3692e-01	1056	355.78752
cog.001410	1.2986e-01	861	111.80946
cog.001411	2.2612e-01	744	168.23328
cog.001412	2.5531e-01	507	129.44217
cog.001413	7.3480e-02	1449	106.47252
cog.001414	1.2466e-01	1845	229.9977
cog.001415	2.5370e-01	1305	331.0785
cog.001416	5.3725e-01	834	448.0665
cog.001417	2.6105e-01	555	144.88275
cog.001418	2.9160e-02	1470	42.8652
cog.001419	2.7317e-01	744	203.23848
cog.001420	8.5570e-02	1491	127.58487
cog.001421	1.6188e-01	657	106.35516
cog.001422	8.4130e-02	678	57.04014
cog.001423	5.4900e-02	1326	72.7974
cog.001424	7.3662e-01	906	667.37772
cog.001425	1.8680e-02	621	11.60028
cog.001426	3.4448e-01	2892	996.23616
cog.001427	1.0750e-01	843	90.6225
cog.001428	6.6660e-02	768	51.19488
cog.001429	7.8290e-02	897	70.22613
cog.001430	7.8500e-02	630	49.455
cog.001431	5.6840e-02	1659	94.29756
cog.001432	2.3809e-01	783	186.42447
cog.001433	9.8280e-02	420	41.2776
cog.001434	8.1890e-02	2457	201.20373
cog.001435	7.2460e-02	657	47.60622
cog.001436	2.0451e-01	471	96.32421
cog.001437	1.3544e-01	417	56.47848
cog.001438	1.3171e-01	900	118.539
cog.001439	1.4653e-01	1215	178.03395
cog.001440	1.6475e-01	822	135.4245
cog.001441	1.4864e-01	588	87.40032
cog.001442	2.1755e-01	549	119.43495
cog.001443	1.0146e-01	177	17.95842
cog.001444	5.5610e-02	492	27.36012
cog.001445	2.4928e-01	411	102.45408
cog.001446	1.4245e-01	1860	264.957
cog.001447	5.4810e-02	474	25.97994
cog.001448	1.0211e+00	807	824.0277
cog.001449	4.4310e-02	1116	49.44996
cog.001450	2.3990e-02	1119	26.84481
cog.001451	1.4112e-01	2778	392.03136
cog.001452	7.2068e-01	963	694.01484
cog.001453	5.0670e-02	2109	106.86303
cog.001454	1.0053e-01	1908	191.81124
cog.001455	3.7070e-02	972	36.03204
cog.001456	5.2680e-02	384	20.22912
cog.001457	8.4130e-02	1461	122.91393
cog.001458	4.2290e-02	1014	42.88206
cog.001459	2.6510e-02	345	9.14595
cog.001460	5.3380e-02	1389	74.14482
cog.001461	7.9600e-02	771	61.3716
cog.001462	1.4337e-01	867	124.30179
cog.001463	9.8400e-02	879	86.4936
cog.001464	8.9100e-02	462	41.1642
cog.001465	1.0045e-01	777	78.04965
cog.001466	1.7491e-01	402	70.31382
cog.001467	7.2520e-02	945	68.5314
cog.001468	2.2700e-03	1779	4.03833
cog.001469	4.8280e-02	1566	75.60648
cog.001470	4.6270e-02	804	37.20108
cog.001471	4.0880e-02	1236	50.52768
cog.001472	1.2340e+00	2388	2946.792
cog.001473	8.4390e-02	1635	137.97765
cog.001474	2.7660e-02	162	4.48092
cog.001475	1.3586e-01	705	95.7813
cog.001476	2.2962e-01	408	93.68496
cog.001477	1.5559e-01	603	93.82077
cog.001478	4.9490e-02	1332	65.92068
cog.001479	6.2710e-02	1380	86.5398
cog.001480	1.3980e-01	1998	279.3204
cog.001481	1.7737e-01	1131	200.60547
cog.001482	1.3815e-01	1074	148.3731
cog.001483	9.3250e-02	1587	147.98775
cog.001484	2.2175e-01	774	171.6345
cog.001485	6.0880e-02	573	34.88424
cog.001486	1.1594e-01	687	79.65078
cog.001487	1.0772e+00	2100	2262.12
cog.001488	1.0123e-01	372	37.65756
cog.001489	9.8030e-02	903	88.52109
cog.001490	2.6310e-02	360	9.4716
cog.001491	1.5206e-01	972	147.80232
cog.001492	6.5600e-02	1548	101.5488
cog.001493	1.2221e-01	1833	224.01093
cog.001494	7.3380e-02	975	71.5455
cog.001495	2.8885e-01	690	199.3065
cog.001496	1.1993e-01	798	95.70414
cog.001497	1.0707e-01	540	57.8178
cog.001498	1.4547e-01	1044	151.87068
cog.001499	6.3320e-02	546	34.57272
cog.001500	6.8061e-01	489	332.81829
cog.001501	8.2110e-02	174	14.28714
cog.001502	1.4027e+00	3615	5070.7605
cog.001503	1.4876e-01	588	87.47088
cog.001504	4.5500e-02	570	25.935
cog.001505	1.7348e-01	342	59.33016
cog.001506	2.8410e-02	1326	37.67166
cog.001507	9.7840e-02	2613	255.65592
cog.001508	7.9640e-02	1212	96.52368
cog.001509	1.9710e-02	1569	30.92499
cog.001510	7.7990e-02	882	68.78718
cog.001511	9.3380e-02	720	67.2336
cog.001512	1.2563e-01	726	91.20738
cog.001513	4.7640e-02	882	42.01848
cog.001514	1.4073e-01	1137	160.01001
cog.001515	1.2145e-01	417	50.64465
cog.001516	2.1389e-01	1053	225.22617
cog.001517	1.2250e-02	849	10.40025
cog.001518	1.3127e-01	1041	136.65207
cog.001519	7.3290e-02	1383	101.36007
cog.001520	1.0601e-01	1206	127.84806
cog.001521	9.3360e-02	1521	142.00056
cog.001522	2.4660e-02	1752	43.20432
cog.001523	1.9676e-01	1071	210.72996
cog.001524	8.8900e-03	573	5.09397
cog.001525	8.7600e-02	1023	89.6148
cog.001526	5.5890e-02	264	14.75496
cog.001527	1.4140e-02	1668	23.58552
cog.001528	6.1760e-02	555	34.2768
cog.001529	1.8842e-01	678	127.74876
cog.001530	1.2208e-01	681	83.13648
cog.001531	1.0657e-01	996	106.14372
cog.001532	9.9150e-02	828	82.0962
cog.001533	8.5840e-02	486	41.71824
cog.001534	1.2169e-01	1188	144.56772
cog.001535	9.3650e-02	645	60.40425
cog.001536	1.2533e-01	378	47.37474
cog.001537	2.6450e-02	834	22.0593
cog.001538	1.2835e-01	870	111.6645
cog.001539	1.5017e-01	558	83.79486
cog.001540	7.5550e-02	429	32.41095
cog.001541	6.0300e-02	1692	102.0276
cog.001542	6.7287e-01	423	284.62401
cog.001543	1.6697e-01	561	93.67017
cog.001544	1.7663e-01	747	131.94261
cog.001545	5.2950e-02	318	16.8381
cog.001546	1.8094e-01	591	106.93554
cog.001547	1.4506e-01	861	124.89666
cog.001548	1.7064e-01	978	166.88592
cog.001549	1.1177e-01	498	55.66146
cog.001550	1.7090e-01	342	58.4478
cog.001551	4.1070e-02	510	20.9457
cog.001552	9.2360e-02	813	75.08868
cog.001553	1.2490e-02	891	11.12859
cog.001554	1.0399e+00	642	667.6158
cog.001555	2.1560e-02	762	16.42872
cog.001556	9.4840e-02	858	81.37272
cog.001557	6.9130e-02	969	66.98697
cog.001558	2.9400e-02	624	18.3456
cog.001559	9.3000e-02	1839	171.027
cog.001560	6.6000e-03	1014	6.6924
cog.001561	4.4110e-01	297	131.0067
cog.001562	1.9580e-02	579	11.33682
cog.001563	5.0900e-02	1932	98.3388
cog.001564	8.7700e-02	786	68.9322
cog.001565	3.6680e-02	1029	37.74372
cog.001566	9.0900e-02	390	35.451
cog.001567	1.6638e-01	606	100.82628
cog.001568	8.3700e-02	1032	86.3784
cog.001569	5.3870e-02	975	52.52325
cog.001570	5.4480e-02	246	13.40208
cog.001571	6.7040e-02	885	59.3304
cog.001572	1.9671e-01	2304	453.21984
cog.001573	1.0567e+00	1239	1309.2513
cog.001574	7.4280e-02	1119	83.11932
cog.001575	1.4733e-01	567	83.53611
cog.001576	4.3810e-02	1485	65.05785
cog.001577	2.6680e-02	1128	30.09504
cog.001578	9.8550e-02	195	19.21725
cog.001579	1.9340e-02	273	5.27982
cog.001580	9.5890e-02	1596	153.04044
cog.001581	3.6026e-01	354	127.53204
cog.001582	1.7260e-02	540	9.3204
cog.001583	4.9735e-01	405	201.42675
cog.001584	2.1106e-01	513	108.27378
cog.001585	2.7000e-02	1704	46.008
cog.001586	3.1768e-01	1101	349.76568
cog.001587	9.7450e-02	663	64.60935
cog.001588	8.2420e-02	1236	101.87112
cog.001589	2.4640e-02	1260	31.0464
cog.001590	3.7000e-02	642	23.754
cog.001591	4.1380e-02	357	14.77266
cog.001592	1.5580e-02	639	9.95562
cog.001593	6.5480e-02	963	63.05724
cog.001594	5.5820e-02	921	51.41022
cog.001595	1.5640e-02	675	10.557
cog.001596	6.8780e-02	378	25.99884
cog.001597	5.9400e-02	405	24.057
cog.001598	1.9413e-01	1314	255.08682
cog.001599	1.2784e-01	687	87.82608
cog.001600	5.1880e-02	1203	62.41164
cog.001601	9.8340e-02	1293	127.15362
cog.001602	1.8540e-02	708	13.12632
cog.001603	2.0000e-05	1107	0.02214
cog.001604	1.1210e-01	1452	162.7692
cog.001605	1.0066e-01	783	78.81678
cog.001606	1.3312e-01	342	45.52704
cog.001607	9.4380e-02	633	59.74254
cog.001608	1.9810e-01	471	93.3051
cog.001609	1.9120e-02	1260	24.0912
cog.001610	6.9500e-02	762	52.959
cog.001611	2.4920e-02	831	20.70852
cog.001612	1.7386e-01	882	153.34452
cog.001613	8.6260e-02	615	53.0499
cog.001614	2.1022e-01	777	163.34094
cog.001615	1.6430e-01	864	141.9552
cog.001616	9.1260e-02	1272	116.08272
cog.001617	7.5740e-02	576	43.62624
cog.001618	1.8258e-01	369	67.37202
cog.001619	6.1260e-02	1332	81.59832
cog.001620	7.2800e-02	3135	228.228
cog.001621	7.9860e-02	645	51.5097
cog.001622	3.6300e-02	300	10.89
cog.001623	1.6462e-01	594	97.78428
cog.001624	7.7740e-02	528	41.04672
cog.001625	1.2540e-02	486	6.09444
cog.001626	7.5840e-02	597	45.27648
cog.001627	6.2360e-02	579	36.10644
cog.001628	3.4660e-02	480	16.6368
cog.001629	8.2004e-01	990	811.8396
cog.001630	3.1340e-02	216	6.76944
cog.001631	6.3020e-02	1116	70.33032
cog.001632	8.6760e-02	576	49.97376
cog.001633	7.2440e-02	687	49.76628
cog.001634	1.1680e-01	309	36.0912
cog.001635	1.2448e-01	744	92.61312
cog.001636	1.1040e-02	1128	12.45312
cog.001637	5.4080e-02	1605	86.7984
cog.001638	6.2460e-02	375	23.4225
cog.001639	3.5100e-03	1227	4.30677
cog.001640	9.3020e-02	1185	110.2287
cog.001641	6.8680e-02	393	26.99124
cog.001642	1.3556e-01	1302	176.49912
cog.001643	2.4380e-02	1485	36.2043
cog.001644	8.5660e-02	657	56.27862
cog.001645	9.8580e-02	1461	144.02538
cog.001646	8.4500e-02	957	80.8665
cog.001647	1.3370e-02	1290	17.2473
cog.001648	1.3628e-01	1665	226.9062
cog.001649	4.3960e-02	759	33.36564
cog.001650	9.7140e-02	390	37.8846
cog.001651	8.4260e-02	369	31.09194
cog.001652	9.0200e-03	375	3.3825
cog.001653	8.3020e-02	1377	114.31854
cog.001654	5.7800e-03	558	3.22524
cog.001655	1.9460e-02	369	7.18074
cog.001656	3.8540e-02	1713	66.01902
cog.001657	7.2320e-02	462	33.41184
cog.001658	9.4360e-02	1689	159.37404
cog.001659	1.2137e-01	582	70.63734
cog.001660	9.6320e-02	888	85.53216
cog.001661	8.6598e-01	882	763.79436
cog.001662	6.9930e-02	846	59.16078
cog.001663	3.0924e-01	240	74.2176
cog.001664	4.7334e-01	303	143.42202
cog.001665	1.0834e-01	1377	149.18418
cog.001666	1.6160e-01	705	113.928
cog.001667	1.5141e-01	252	38.15532
cog.001668	4.4840e-02	1551	69.54684
cog.001669	1.3710e-01	2772	380.0412
cog.001670	1.0210e-01	1227	125.2767
cog.001671	3.8560e-02	207	7.98192
cog.001672	3.2000e-03	354	1.1328
cog.001673	1.0400e-03	1134	1.17936
cog.001674	0.0000e+00	285	0
cog.001675	2.3320e-02	336	7.83552
cog.001676	1.0560e-02	561	5.92416
cog.001677	5.8600e-03	468	2.74248
cog.001678	0.0000e+00	828	0
cog.001679	0.0000e+00	318	0
cog.001680	4.8800e-03	255	1.2444
cog.001681	9.0800e-03	489	4.44012
cog.001682	1.2000e-03	1224	1.4688
cog.001683	3.9800e-03	270	1.0746
cog.001684	2.0100e+00	864	1736.64
cog.001685	2.5823e+00	1938	5004.4974
cog.001686	2.0855e+00	1170	2440.035
cog.001687	0.0000e+00	1341	0
cog.001688	5.9630e-02	1347	80.32161
cog.001689	2.3170e-02	1347	31.20999
cog.001690	7.7480e-02	1347	104.36556
cog.001691	6.2400e-03	735	4.5864
cog.001692	7.5925e-01	1092	829.101
cog.001693	0.0000e+00	1227	0
cog.001694	3.0400e-03	1173	3.56592
cog.001695	0.0000e+00	1191	0
cog.001696	9.6470e-02	2214	213.58458
cog.001697	1.0200e-03	1419	1.44738
cog.001698	1.4200e-03	1851	2.62842
cog.001699	1.1950e-02	1497	17.88915
cog.001700	0.0000e+00	567	0
cog.001701	2.0000e-05	642	0.01284
cog.001702	7.5594e-01	663	501.18822
cog.001703	1.8742e-01	2598	486.91716
cog.001704	5.1055e-01	1062	542.2041
cog.001705	4.0000e-03	585	2.34
cog.001706	0.0000e+00	1374	0
cog.001707	9.4878e-01	1689	1602.48942
cog.001708	1.0807e-01	528	57.06096
cog.001709	1.7900e-03	1821	3.25959
cog.001710	1.4939e-01	276	41.23164
cog.001711	7.4110e-02	864	64.03104
cog.001712	0.0000e+00	858	0
cog.001713	0.0000e+00	1026	0
cog.001714	1.9700e-02	528	10.4016
cog.001715	2.6975e-01	1503	405.43425
cog.001716	8.1885e-01	909	744.33465
cog.001717	0.0000e+00	1173	0
cog.001718	1.7601e-01	387	68.11587
cog.001719	5.4800e-03	570	3.1236
cog.001720	9.2410e-02	651	60.15891
cog.001721	1.0380e-02	2559	26.56242
cog.001722	1.0261e+00	1371	1406.7831
cog.001723	1.5620e-02	618	9.65316
cog.001724	3.6810e-02	3174	116.83494
cog.001725	1.9400e-03	1161	2.25234
cog.001726	2.2730e-02	351	7.97823
cog.001727	4.7839e-01	210	100.4619
cog.001728	6.5500e-02	795	52.0725
cog.001729	7.6600e-02	1590	121.794
cog.001730	1.0564e-01	1176	124.23264
cog.001731	9.9560e-02	594	59.13864
cog.001732	8.5759e-01	795	681.78405
cog.001733	5.2200e-03	1173	6.12306
cog.001734	2.1442e-01	1323	283.67766
cog.001735	5.4179e-01	1017	551.00043
cog.001736	1.1513e-01	492	56.64396
cog.001737	9.2103e-01	153	140.91759
cog.001738	8.3140e-01	2661	2212.3554
cog.001739	7.1800e-03	1086	7.79748
cog.001740	5.1080e-02	408	20.84064
cog.001741	4.6320e-02	438	20.28816
cog.001742	2.0000e-05	318	0.00636
cog.001743	2.0000e-05	714	0.01428
cog.001744	1.8500e-02	153	2.8305
cog.001745	1.3072e-01	216	28.23552
cog.001746	8.0400e-03	129	1.03716
cog.001747	2.0000e-05	141	0.00282
cog.001748	2.0000e-05	312	0.00624
cog.001749	1.7400e-03	660	1.1484
cog.001750	5.6000e-03	654	3.6624
cog.001751	8.2400e-03	1008	8.30592
cog.001752	2.2120e-02	1290	28.5348
cog.001753	0.0000e+00	801	0
cog.001754	0.0000e+00	813	0
cog.001755	2.3400e-03	876	2.04984
cog.001756	2.0000e-05	267	0.00534
cog.001757	1.2230e-02	264	3.22872
cog.001758	2.0000e-05	1392	0.02784
cog.001759	2.0000e-05	705	0.0141
cog.001760	7.8200e-03	987	7.71834
cog.001761	2.3388e-01	486	113.66568
cog.001762	4.4380e-02	1722	76.42236
cog.001763	1.2000e-03	852	1.0224
cog.001764	6.5000e-03	345	2.2425
cog.001765	8.8660e-02	1356	120.22296
cog.001766	0.0000e+00	681	0
cog.001767	0.0000e+00	306	0
cog.001768	0.0000e+00	969	0
cog.001769	0.0000e+00	375	0
cog.001770	0.0000e+00	831	0
cog.001771	0.0000e+00	576	0
cog.001772	0.0000e+00	492	0
cog.001773	3.5000e-03	321	1.1235
cog.001774	0.0000e+00	1428	0
cog.001775	0.0000e+00	834	0
cog.001776	0.0000e+00	510	0
cog.001777	0.0000e+00	480	0
cog.001778	0.0000e+00	129	0
cog.001779	0.0000e+00	1206	0
cog.001780	0.0000e+00	387	0
cog.001781	0.0000e+00	702	0
cog.001782	0.0000e+00	2907	0
cog.001783	0.0000e+00	348	0
cog.001784	0.0000e+00	414	0
cog.001785	0.0000e+00	852	0
cog.001786	1.6400e-03	660	1.0824
cog.001787	0.0000e+00	189	0
cog.001788	0.0000e+00	396	0
cog.001789	1.9600e-03	669	1.31124
cog.001790	0.0000e+00	594	0
cog.001791	0.0000e+00	852	0
cog.001792	0.0000e+00	1182	0
cog.001793	3.3690e-01	1176	396.1944
cog.001794	1.0620e-02	1176	12.48912
cog.001795	6.2380e-01	1188	741.0744
cog.001796	9.6000e-03	1176	11.2896
cog.001797	2.4000e-03	1188	2.8512
cog.001798	8.3640e-02	1188	99.36432
cog.001799	2.3550e-02	1347	31.72185
cog.001800	2.5310e-02	1347	34.09257
cog.001801	1.3900e-02	1347	18.7233
cog.001802	1.8079e+00	1107	2001.3453
cog.001803	4.1600e-03	1233	5.12928
cog.001804	4.1600e-03	1233	5.12928
cog.001805	1.8154e-01	1215	220.5711
cog.001806	1.3756e-01	1077	148.15212
cog.001807	9.0000e-04	1134	1.0206
cog.001808	1.3372e-01	1629	217.82988
cog.001809	1.5900e-03	1578	2.50902
cog.001810	1.1239e+00	1401	1574.5839
cog.001811	7.6020e-02	864	65.68128
cog.001812	6.6528e-01	1137	756.42336
cog.001813	1.2848e+00	468	601.2864
cog.001814	1.4966e+00	369	552.2454
cog.001815	1.1400e-03	1779	2.02806
cog.001816	2.4079e-01	6261	1507.58619
cog.001817	9.4983e-01	276	262.15308
cog.001818	2.3970e-02	408	9.77976
cog.001819	1.3759e-01	1344	184.92096
cog.001820	9.7131e-01	309	300.13479
cog.001821	1.5734e-01	936	147.27024
cog.001822	5.5100e-02	345	19.0095
cog.001823	8.8517e-01	1194	1056.89298
cog.001824	1.1746e+00	549	644.8554
cog.001825	1.4956e-01	588	87.94128
cog.001826	7.8000e-04	2883	2.24874
cog.001827	1.3840e-01	291	40.2744
cog.001828	1.2422e-01	285	35.4027
cog.001829	8.3600e-03	693	5.79348
cog.001830	8.5600e-03	720	6.1632
cog.001831	4.6800e-03	657	3.07476
cog.001832	6.3455e-01	948	601.5534
cog.001833	6.9600e-02	822	57.2112
cog.001834	1.7700e-02	1128	19.9656
cog.001835	1.0408e+00	471	490.2168
cog.001836	5.9176e-01	648	383.46048
cog.001837	9.9616e-01	468	466.20288
cog.001838	1.3344e-01	702	93.67488
cog.001839	6.3274e-01	2007	1269.90918
cog.001840	2.4720e-02	480	11.8656
cog.001841	3.7360e-02	1680	62.7648
cog.001842	0.0000e+00	264	0
cog.001843	9.3260e-02	2838	264.67188
cog.001844	0.0000e+00	276	0
cog.001845	0.0000e+00	366	0
cog.001846	0.0000e+00	150	0
cog.001847	0.0000e+00	1002	0
cog.001848	0.0000e+00	702	0
cog.001849	1.0620e-02	600	6.372
cog.001850	0.0000e+00	186	0
cog.001851	7.4400e-03	342	2.54448
cog.001852	0.0000e+00	150	0
cog.001853	0.0000e+00	1272	0
cog.001854	2.0600e-03	1182	2.43492
cog.001855	1.8600e-02	1176	21.8736
cog.001856	0.0000e+00	1176	0
cog.001857	0.0000e+00	1176	0
cog.001858	3.9560e-02	1521	60.17076
cog.001859	2.6320e-02	1041	27.39912
cog.001860	1.5101e+00	726	1096.3326
cog.001861	2.3580e-02	1347	31.76226
cog.001862	2.5422e+00	960	2440.512
cog.001863	1.1000e-03	1212	1.3332
cog.001864	2.0000e-05	1050	0.021
cog.001865	6.3290e-02	639	40.44231
cog.001866	7.4000e-04	1377	1.01898
cog.001867	0.0000e+00	1377	0
cog.001868	0.0000e+00	843	0
cog.001869	6.5454e-01	444	290.61576
cog.001870	3.2040e-02	1044	33.44976
cog.001871	3.3255e+00	1842	6125.571
cog.001872	1.5708e-01	579	90.94932
cog.001873	0.0000e+00	1539	0
cog.001874	2.0000e-05	1725	0.0345
cog.001875	0.0000e+00	531	0
cog.001876	0.0000e+00	1803	0
cog.001877	6.1000e-04	1815	1.10715
cog.001878	2.0400e-03	1599	3.26196
cog.001879	5.0630e-02	1053	53.31339
cog.001880	2.0000e-05	702	0.01404
cog.001881	9.0139e-01	936	843.70104
cog.001882	2.0130e-02	945	19.02285
cog.001883	6.9430e-02	1125	78.10875
cog.001884	5.8800e-03	2295	13.4946
cog.001885	5.7280e-02	1356	77.67168
cog.001886	1.7089e-01	2133	364.50837
cog.001887	0.0000e+00	891	0
cog.001888	5.0980e-02	345	17.5881
cog.001889	1.0260e-02	303	3.10878
cog.001890	5.9600e-03	183	1.09068
cog.001891	1.2105e+00	1527	1848.4335
cog.001892	3.2060e-02	180	5.7708
cog.001893	1.5851e+00	1884	2986.3284
cog.001894	5.8200e-02	261	15.1902
cog.001895	1.8300e-02	1245	22.7835
cog.001896	1.4392e-01	465	66.9228
cog.001897	6.1600e-03	546	3.36336
cog.001898	3.3164e-01	1806	598.94184
cog.001899	1.5158e-01	135	20.4633
cog.001900	5.2600e-03	1410	7.4166
cog.001901	1.7962e-01	4962	891.27444
cog.001902	3.8600e-03	534	2.06124
cog.001903	4.2120e-02	1338	56.35656
cog.001904	5.0700e-02	6303	319.5621
cog.001905	3.9480e-02	486	19.18728
cog.001906	1.5092e-01	582	87.83544
cog.001907	1.8354e-01	309	56.71386
cog.001908	6.5740e-02	1359	89.34066
cog.001909	1.2520e-02	177	2.21604
cog.001910	9.7294e-01	1317	1281.36198
cog.001911	8.3600e-03	372	3.10992
cog.001912	9.7400e-03	906	8.82444
cog.001913	8.8596e-01	1479	1310.33484
cog.001914	3.0500e-02	663	20.2215
cog.001915	1.1152e-01	345	38.4744
cog.001916	2.3000e-03	942	2.1666
cog.001917	2.4000e-02	1272	30.528
cog.001918	2.8480e-02	237	6.74976
cog.001919	1.7500e-03	594	1.0395
cog.001920	1.4320e-02	528	7.56096
cog.001921	1.1936e-01	420	50.1312
cog.001922	7.1720e-02	480	34.4256
cog.001923	2.9740e-02	1827	54.33498
cog.001924	1.1758e+00	843	991.1994
cog.001925	3.0960e-02	879	27.21384
cog.001926	2.3400e-03	447	1.04598
cog.001927	4.6734e-01	2595	1212.7473
cog.001928	8.5640e-02	288	24.66432
cog.001929	1.1900e-02	381	4.5339
cog.001930	7.9460e-02	2085	165.6741
cog.001931	2.3760e-02	774	18.39024
cog.001932	0.0000e+00	240	0
cog.001933	0.0000e+00	429	0
cog.001934	0.0000e+00	237	0
cog.001935	5.8200e-03	411	2.39202
cog.001936	0.0000e+00	612	0
cog.001937	0.0000e+00	1008	0
cog.001938	0.0000e+00	354	0
cog.001939	0.0000e+00	711	0
cog.001940	0.0000e+00	462	0
cog.001941	5.0400e-03	444	2.23776
cog.001942	0.0000e+00	288	0
cog.001943	0.0000e+00	309	0
cog.001944	0.0000e+00	447	0
cog.001945	0.0000e+00	225	0
cog.001946	0.0000e+00	1176	0
cog.001947	0.0000e+00	1176	0
cog.001948	0.0000e+00	1176	0
cog.001949	3.7000e-03	1176	4.3512
cog.001950	0.0000e+00	1140	0
cog.001951	1.6600e+00	1458	2420.28
cog.001952	2.0733e+00	2139	4434.7887
cog.001953	1.5400e-03	666	1.02564
cog.001954	2.0084e+00	1758	3530.7672
cog.001955	8.6000e-04	1578	1.35708
cog.001956	0.0000e+00	1377	0
cog.001957	0.0000e+00	1377	0
cog.001958	0.0000e+00	1173	0
cog.001959	6.8391e-01	1023	699.63993
cog.001960	0.0000e+00	1212	0
cog.001961	0.0000e+00	1212	0
cog.001962	3.0000e-05	222	0.00666
cog.001963	0.0000e+00	756	0
cog.001964	0.0000e+00	846	0
cog.001965	8.7000e-04	1323	1.15101
cog.001966	0.0000e+00	1572	0
cog.001967	1.8260e+00	1482	2706.132
cog.001968	0.0000e+00	894	0
cog.001969	2.0000e-05	393	0.00786
cog.001970	2.2662e-01	1179	267.18498
cog.001971	3.4040e-02	189	6.43356
cog.001972	0.0000e+00	1107	0
cog.001973	4.4200e-03	792	3.50064
cog.001974	1.1318e+00	1533	1735.0494
cog.001975	8.2400e-03	1125	9.27
cog.001976	4.4000e-04	7380	3.2472
cog.001977	5.7920e-02	2322	134.49024
cog.001978	1.9040e-02	1251	23.81904
cog.001979	7.3520e-02	261	19.18872
cog.001980	0.0000e+00	1557	0
cog.001981	1.7600e-03	1308	2.30208
cog.001982	9.8640e-02	2415	238.2156
cog.001983	1.9600e-02	477	9.3492
cog.001984	0.0000e+00	240	0
cog.001985	0.0000e+00	231	0
cog.001986	0.0000e+00	1938	0
cog.001987	0.0000e+00	342	0
cog.001988	0.0000e+00	660	0
cog.001989	0.0000e+00	192	0
cog.001990	0.0000e+00	1572	0
cog.001991	0.0000e+00	621	0
cog.001992	0.0000e+00	855	0
cog.001993	0.0000e+00	1152	0
cog.001994	0.0000e+00	300	0
cog.001995	0.0000e+00	438	0
cog.001996	0.0000e+00	1440	0
cog.001997	0.0000e+00	249	0
cog.001998	0.0000e+00	603	0
cog.001999	0.0000e+00	1002	0
cog.002000	0.0000e+00	474	0
cog.002001	0.0000e+00	966	0
cog.002002	0.0000e+00	3528	0
cog.002003	0.0000e+00	10854	0
cog.002004	0.0000e+00	1608	0
cog.002005	0.0000e+00	1305	0
cog.002006	0.0000e+00	906	0
cog.002007	0.0000e+00	2094	0
cog.002008	0.0000e+00	1158	0
cog.002009	0.0000e+00	582	0
cog.002010	0.0000e+00	804	0
cog.002011	0.0000e+00	1011	0
cog.002012	0.0000e+00	849	0
cog.002013	0.0000e+00	1434	0
cog.002014	0.0000e+00	300	0
cog.002015	5.2940e-02	216	11.43504
cog.002016	0.0000e+00	987	0
cog.002017	0.0000e+00	135	0
cog.002018	0.0000e+00	3678	0
cog.002019	0.0000e+00	183	0
cog.002020	0.0000e+00	402	0
cog.002021	0.0000e+00	420	0
cog.002022	0.0000e+00	1023	0
cog.002023	0.0000e+00	333	0
cog.002024	0.0000e+00	600	0
cog.002025	0.0000e+00	759	0
cog.002026	0.0000e+00	360	0
